-1.0000000000000000 
-1.0000000000000000 
-1.0000000000000000 
-1.0000000000000000 
-1.0000000000000000 
-1.0000000000000000 
-1.0000000000000000 
-1.0000000000000000 
-1.0000000000000000 
-1.0000000000000000 
-1.0000000000000000 
-1.0000000000000000 
-1.0000000000000000 
-1.0000000000000000 
-1.0000000000000000 
-1.0000000000000000 
-1.0000000000000000 
-1.0000000000000000 
-1.0000000000000000 
-1.0000000000000000 
-1.0000000000000000 
-1.0000000000000000 
-1.0000000000000000 
-1.0000000000000000 
-1.0000000000000000 
-1.0000000000000000 
-1.0000000000000000 
-1.0000000000000000 
-1.0000000000000000 
-1.0000000000000000 
-1.0000000000000000 
-1.0000000000000000 
-1.0000000000000000 
-1.0000000000000000 
-1.0000000000000000 
-1.0000000000000000 
-1.0000000000000000 
-1.0000000000000000 
-1.0000000000000000 
-1.0000000000000000 
-1.0000000000000000 
-1.0000000000000000 
-1.0000000000000000 
-1.0000000000000000 
-1.0000000000000000 
-1.0000000000000000 
-1.0000000000000000 
-1.0000000000000000 
-1.0000000000000000 
-1.0000000000000000 
-1.0000000000000000 
-1.0000000000000000 
-1.0000000000000000 
-1.0000000000000000 
-1.0000000000000000 
-1.0000000000000000 
-1.0000000000000000 
-1.0000000000000000 
-1.0000000000000000 
-1.0000000000000000 
-1.0000000000000000 
-1.0000000000000000 
-1.0000000000000000 
-1.0000000000000000 
-1.0000000000000000 
-1.0000000000000000 
-1.0000000000000000 
-1.0000000000000000 
-1.0000000000000000 
-1.0000000000000000 
-1.0000000000000000 
-1.0000000000000000 
-1.0000000000000000 
-1.0000000000000000 
-1.0000000000000000 
-1.0000000000000000 
-1.0000000000000000 
-1.0000000000000000 
-1.0000000000000000 
-1.0000000000000000 
-1.0000000000000000 
-1.0000000000000000 
-1.0000000000000000 
-0.7864046385316897 
-1.0000000000000000 
-1.0000000000000000 
-1.0000000000000000 
-1.0000000000000000 
-1.0000000000000000 
-1.0000000000000000 
-1.0000000000000000 
-1.0000000000000000 
-1.0000000000000000 
-1.0000000000000000 
-1.0000000000000000 
-1.0000000000000000 
-1.0000000000000000 
-1.0000000000000000 
-1.0000000000000000 
-0.2227243445041777 
-1.0000000000000000 
-1.0000000000000000 
-1.0000000000000000 
-1.0000000000000000 
-1.0000000000000000 
-1.0000000000000000 
-1.0000000000000000 
-1.0000000000000000 
-1.0000000000000000 
-1.0000000000000000 
-1.0000000000000000 
-1.0000000000000000 
-1.0000000000000000 
-1.0000000000000000 
-1.0000000000000000 
-1.0000000000000000 
-1.0000000000000000 
-1.0000000000000000 
-1.0000000000000000 
-1.0000000000000000 
-1.0000000000000000 
-1.0000000000000000 
-1.0000000000000000 
-1.0000000000000000 
-1.0000000000000000 
-1.0000000000000000 
-1.0000000000000000 
-1.0000000000000000 
-1.0000000000000000 
-1.0000000000000000 
-1.0000000000000000 
-1.0000000000000000 
-1.0000000000000000 
-1.0000000000000000 
-1.0000000000000000 
-1.0000000000000000 
-1.0000000000000000 
-1.0000000000000000 
-1.0000000000000000 
-1.0000000000000000 
-1.0000000000000000 
-1.0000000000000000 
-1.0000000000000000 
-1.0000000000000000 
-1.0000000000000000 
-1.0000000000000000 
-1.0000000000000000 
-1.0000000000000000 
-1.0000000000000000 
-1.0000000000000000 
-1.0000000000000000 
-1.0000000000000000 
-1.0000000000000000 
-1.0000000000000000 
-1.0000000000000000 
-1.0000000000000000 
-1.0000000000000000 
-1.0000000000000000 
-1.0000000000000000 
-1.0000000000000000 
-1.0000000000000000 
-1.0000000000000000 
-1.0000000000000000 
-1.0000000000000000 
-1.0000000000000000 
-1.0000000000000000 
-1.0000000000000000 
-1.0000000000000000 
-1.0000000000000000 
-1.0000000000000000 
-1.0000000000000000 
-1.0000000000000000 
-1.0000000000000000 
-1.0000000000000000 
-1.0000000000000000 
-1.0000000000000000 
-0.9999999999999999 
-1.0000000000000000 
-1.0000000000000000 
-0.2856732986495722 
-1.0000000000000000 
-1.0000000000000000 
-1.0000000000000000 
-1.0000000000000000 
-1.0000000000000000 
-1.0000000000000000 
-1.0000000000000000 
-1.0000000000000000 
-1.0000000000000000 
-1.0000000000000000 
-1.0000000000000000 
-1.0000000000000000 
-1.0000000000000000 
-1.0000000000000000 
-1.0000000000000000 
-1.0000000000000000 
-1.0000000000000000 
-1.0000000000000000 
-1.0000000000000000 
-1.0000000000000000 
-1.0000000000000000 
-1.0000000000000000 
-1.0000000000000000 
-1.0000000000000000 
-1.0000000000000000 
-1.0000000000000000 
-1.0000000000000000 
-1.0000000000000000 
-1.0000000000000000 
-1.0000000000000000 
-1.0000000000000000 
-1.0000000000000000 
-1.0000000000000000 
-1.0000000000000000 
-1.0000000000000000 
-1.0000000000000000 
-1.0000000000000000 
-1.0000000000000000 
-1.0000000000000000 
-1.0000000000000000 
-1.0000000000000000 
-1.0000000000000000 
-1.0000000000000000 
-1.0000000000000000 
-1.0000000000000000 
-1.0000000000000000 
-1.0000000000000000 
-1.0000000000000000 
-1.0000000000000000 
-1.0000000000000000 
-1.0000000000000000 
-1.0000000000000000 
-1.0000000000000000 
-1.0000000000000000 
-1.0000000000000000 
-1.0000000000000000 
-1.0000000000000000 
-1.0000000000000000 
-1.0000000000000000 
-1.0000000000000000 
-1.0000000000000000 
-1.0000000000000000 
-1.0000000000000000 
-1.0000000000000000 
-1.0000000000000000 
-1.0000000000000000 
-1.0000000000000000 
-1.0000000000000000 
-1.0000000000000000 
-1.0000000000000000 
-1.0000000000000000 
-1.0000000000000000 
-1.0000000000000000 
-1.0000000000000000 
-1.0000000000000000 
-1.0000000000000000 
-1.0000000000000000 
-1.0000000000000000 
-1.0000000000000000 
-1.0000000000000000 
-1.0000000000000000 
-1.0000000000000000 
-1.0000000000000000 
-1.0000000000000000 
-1.0000000000000000 
-1.0000000000000000 
-1.0000000000000000 
-1.0000000000000000 
-1.0000000000000000 
-1.0000000000000000 
-1.0000000000000000 
-1.0000000000000000 
-1.0000000000000000 
-1.0000000000000000 
-1.0000000000000000 
-1.0000000000000000 
-1.0000000000000000 
-1.0000000000000000 
-1.0000000000000000 
-1.0000000000000000 
-1.0000000000000000 
-1.0000000000000000 
-1.0000000000000000 
-1.0000000000000000 
-1.0000000000000000 
-1.0000000000000000 
-1.0000000000000000 
-1.0000000000000000 
-1.0000000000000000 
-1.0000000000000000 
-0.6071758253820269 
-1.0000000000000000 
-1.0000000000000000 
-1.0000000000000000 
-1.0000000000000000 
-1.0000000000000000 
-1.0000000000000000 
-1.0000000000000000 
-1.0000000000000000 
-1.0000000000000000 
-1.0000000000000000 
-1.0000000000000000 
-1.0000000000000000 
-1.0000000000000000 
-1.0000000000000000 
-1.0000000000000000 
-1.0000000000000000 
-1.0000000000000000 
-1.0000000000000000 
-1.0000000000000000 
-1.0000000000000000 
-1.0000000000000000 
-1.0000000000000000 
-1.0000000000000000 
-1.0000000000000000 
-1.0000000000000000 
-1.0000000000000000 
-1.0000000000000000 
-1.0000000000000000 
-1.0000000000000000 
-1.0000000000000000 
-1.0000000000000000 
-1.0000000000000000 
-1.0000000000000000 
-1.0000000000000000 
-1.0000000000000000 
-1.0000000000000000 
-1.0000000000000000 
-1.0000000000000000 
-1.0000000000000000 
-1.0000000000000000 
-1.0000000000000000 
-1.0000000000000000 
-1.0000000000000000 
-1.0000000000000000 
-1.0000000000000000 
-1.0000000000000000 
-1.0000000000000000 
-1.0000000000000000 
-0.9999999999999999 
-1.0000000000000000 
-1.0000000000000000 
-1.0000000000000000 
-1.0000000000000000 
-1.0000000000000000 
-1.0000000000000000 
-1.0000000000000000 
-1.0000000000000000 
-1.0000000000000000 
-1.0000000000000000 
-1.0000000000000000 
-1.0000000000000000 
-1.0000000000000000 
-1.0000000000000000 
-1.0000000000000000 
-1.0000000000000000 
-1.0000000000000000 
-1.0000000000000000 
-1.0000000000000000 
-1.0000000000000000 
-0.3980368417858111 
-1.0000000000000000 
-1.0000000000000000 
-1.0000000000000000 
-1.0000000000000000 
-1.0000000000000000 
-1.0000000000000000 
-1.0000000000000000 
-1.0000000000000000 
-1.0000000000000000 
-1.0000000000000000 
-1.0000000000000000 
-1.0000000000000000 
-1.0000000000000000 
-0.0777662610548924 
-1.0000000000000000 
-1.0000000000000000 
-1.0000000000000000 
-1.0000000000000000 
-1.0000000000000000 
-1.0000000000000000 
-1.0000000000000000 
-1.0000000000000000 
-1.0000000000000000 
-1.0000000000000000 
-1.0000000000000000 
-1.0000000000000000 
-1.0000000000000000 
-1.0000000000000000 
-1.0000000000000000 
-1.0000000000000000 
-1.0000000000000000 
-1.0000000000000000 
-1.0000000000000000 
-1.0000000000000000 
-1.0000000000000000 
-1.0000000000000000 
-1.0000000000000000 
-1.0000000000000000 
-1.0000000000000000 
-1.0000000000000000 
-1.0000000000000000 
-1.0000000000000000 
-1.0000000000000000 
-1.0000000000000000 
-1.0000000000000000 
-1.0000000000000000 
-0.7997183605552931 
-1.0000000000000000 
-1.0000000000000000 
-0.2402458146929637 
-1.0000000000000000 
-1.0000000000000000 
-1.0000000000000000 
-1.0000000000000000 
-1.0000000000000000 
-1.0000000000000000 
-0.9999999999999999 
-1.0000000000000000 
-1.0000000000000000 
-1.0000000000000000 
-1.0000000000000000 
-1.0000000000000000 
-1.0000000000000000 
-1.0000000000000000 
-1.0000000000000000 
-1.0000000000000000 
-1.0000000000000000 
-1.0000000000000000 
-1.0000000000000000 
-1.0000000000000000 
-1.0000000000000000 
-1.0000000000000000 
-1.0000000000000000 
-1.0000000000000000 
-1.0000000000000000 
-1.0000000000000000 
-1.0000000000000000 
-1.0000000000000000 
-1.0000000000000000 
-1.0000000000000000 
-1.0000000000000000 
-1.0000000000000000 
-1.0000000000000000 
-1.0000000000000000 
-1.0000000000000000 
-1.0000000000000000 
-1.0000000000000000 
-1.0000000000000000 
-1.0000000000000000 
-1.0000000000000000 
-1.0000000000000000 
-1.0000000000000000 
-1.0000000000000000 
-1.0000000000000000 
-1.0000000000000000 
-1.0000000000000000 
-1.0000000000000000 
-1.0000000000000000 
-1.0000000000000000 
-1.0000000000000000 
-1.0000000000000000 
-1.0000000000000000 
-1.0000000000000000 
-0.9034250489982703 
-1.0000000000000000 
-1.0000000000000000 
-1.0000000000000000 
-1.0000000000000000 
-1.0000000000000000 
-1.0000000000000000 
-1.0000000000000000 
-1.0000000000000000 
-1.0000000000000000 
-1.0000000000000000 
-1.0000000000000000 
-1.0000000000000000 
-1.0000000000000000 
-1.0000000000000000 
-1.0000000000000000 
-1.0000000000000000 
-1.0000000000000000 
-1.0000000000000000 
-1.0000000000000000 
-1.0000000000000000 
-1.0000000000000000 
-1.0000000000000000 
-1.0000000000000000 
-1.0000000000000000 
-1.0000000000000000 
-1.0000000000000000 
-1.0000000000000000 
-1.0000000000000000 
-1.0000000000000000 
-0.0047418670782086 
-1.0000000000000000 
-1.0000000000000000 
-1.0000000000000000 
-1.0000000000000000 
-1.0000000000000000 
-1.0000000000000000 
-1.0000000000000000 
-1.0000000000000000 
-1.0000000000000000 
-1.0000000000000000 
-1.0000000000000000 
-1.0000000000000000 
-1.0000000000000000 
-1.0000000000000000 
-1.0000000000000000 
-1.0000000000000000 
-1.0000000000000000 
-1.0000000000000000 
-1.0000000000000000 
-1.0000000000000000 
-1.0000000000000000 
-1.0000000000000000 
-1.0000000000000000 
-1.0000000000000000 
-1.0000000000000000 
-1.0000000000000000 
-1.0000000000000000 
-1.0000000000000000 
-1.0000000000000000 
-1.0000000000000000 
-1.0000000000000000 
-1.0000000000000000 
-1.0000000000000000 
-1.0000000000000000 
-1.0000000000000000 
-0.9999999999999999 
-1.0000000000000000 
-1.0000000000000000 
-1.0000000000000000 
-1.0000000000000000 
-1.0000000000000000 
-1.0000000000000000 
-1.0000000000000000 
-1.0000000000000000 
-1.0000000000000000 
-1.0000000000000000 
-1.0000000000000000 
-1.0000000000000000 
-1.0000000000000000 
-1.0000000000000000 
-1.0000000000000000 
-1.0000000000000000 
-1.0000000000000000 
-1.0000000000000000 
-1.0000000000000000 
-1.0000000000000000 
-1.0000000000000000 
-1.0000000000000000 
-0.7569449058756759 
-1.0000000000000000 
-1.0000000000000000 
-1.0000000000000000 
-1.0000000000000000 
-1.0000000000000000 
-1.0000000000000000 
-1.0000000000000000 
-1.0000000000000000 
-1.0000000000000000 
-1.0000000000000000 
-1.0000000000000000 
-1.0000000000000000 
-1.0000000000000000 
-1.0000000000000000 
-1.0000000000000000 
-1.0000000000000000 
-1.0000000000000000 
-1.0000000000000000 
-1.0000000000000000 
-1.0000000000000000 
-0.1553349167068203 
-1.0000000000000000 
-1.0000000000000000 
-1.0000000000000000 
-1.0000000000000000 
-1.0000000000000000 
-1.0000000000000000 
-1.0000000000000000 
-1.0000000000000000 
-1.0000000000000000 
-1.0000000000000000 
-1.0000000000000000 
-1.0000000000000000 
-1.0000000000000000 
-1.0000000000000000 
-1.0000000000000000 
-1.0000000000000000 
-1.0000000000000000 
-1.0000000000000000 
-1.0000000000000000 
-0.3712005763877063 
-1.0000000000000000 
-1.0000000000000000 
-1.0000000000000000 
-1.0000000000000000 
-1.0000000000000000 
-1.0000000000000000 
-1.0000000000000000 
-0.9352949419556568 
-1.0000000000000000 
-1.0000000000000000 
-1.0000000000000000 
-1.0000000000000000 
-1.0000000000000000 
-1.0000000000000000 
-1.0000000000000000 
-1.0000000000000000 
-1.0000000000000000 
-1.0000000000000000 
-1.0000000000000000 
-1.0000000000000000 
-1.0000000000000000 
-1.0000000000000000 
-1.0000000000000000 
-1.0000000000000000 
-1.0000000000000000 
-1.0000000000000000 
-1.0000000000000000 
-1.0000000000000000 
-1.0000000000000000 
-1.0000000000000000 
-1.0000000000000000 
-1.0000000000000000 
-0.5755612284628358 
-1.0000000000000000 
-1.0000000000000000 
-1.0000000000000000 
-1.0000000000000000 
-1.0000000000000000 
-1.0000000000000000 
-1.0000000000000000 
-1.0000000000000000 
-1.0000000000000000 
-1.0000000000000000 
-1.0000000000000000 
-1.0000000000000000 
-1.0000000000000000 
-1.0000000000000000 
-1.0000000000000000 
-1.0000000000000000 
-1.0000000000000000 
-1.0000000000000000 
-1.0000000000000000 
-1.0000000000000000 
-1.0000000000000000 
-1.0000000000000000 
-1.0000000000000000 
-1.0000000000000000 
-1.0000000000000000 
-1.0000000000000000 
-1.0000000000000000 
-1.0000000000000000 
-1.0000000000000000 
-1.0000000000000000 
-1.0000000000000000 
-1.0000000000000000 
-1.0000000000000000 
-1.0000000000000000 
-1.0000000000000000 
-1.0000000000000000 
-1.0000000000000000 
-1.0000000000000000 
-1.0000000000000000 
-1.0000000000000000 
-1.0000000000000000 
-1.0000000000000000 
-0.7530364054029928 
-1.0000000000000000 
-1.0000000000000000 
-1.0000000000000000 
-1.0000000000000000 
-1.0000000000000000 
-1.0000000000000000 
-1.0000000000000000 
-1.0000000000000000 
-1.0000000000000000 
-1.0000000000000000 
-1.0000000000000000 
-1.0000000000000000 
-1.0000000000000000 
-1.0000000000000000 
-1.0000000000000000 
-1.0000000000000000 
-1.0000000000000000 
-1.0000000000000000 
-1.0000000000000000 
-1.0000000000000000 
-1.0000000000000000 
-1.0000000000000000 
-1.0000000000000000 
-1.0000000000000000 
-1.0000000000000000 
-1.0000000000000000 
-1.0000000000000000 
-1.0000000000000000 
-1.0000000000000000 
-1.0000000000000000 
-1.0000000000000000 
-1.0000000000000000 
-1.0000000000000000 
-1.0000000000000000 
-1.0000000000000000 
-1.0000000000000000 
-1.0000000000000000 
-1.0000000000000000 
-1.0000000000000000 
-1.0000000000000000 
-0.4101623726057549 
-1.0000000000000000 
-1.0000000000000000 
-1.0000000000000000 
-1.0000000000000000 
-0.8057734299855051 
-1.0000000000000000 
-1.0000000000000000 
-1.0000000000000000 
-1.0000000000000000 
-1.0000000000000000 
-1.0000000000000000 
-1.0000000000000000 
-1.0000000000000000 
-1.0000000000000000 
-1.0000000000000000 
-1.0000000000000000 
-1.0000000000000000 
-1.0000000000000000 
-1.0000000000000000 
-0.3836026030428602 
-1.0000000000000000 
-1.0000000000000000 
-1.0000000000000000 
-1.0000000000000000 
-1.0000000000000000 
-1.0000000000000000 
-1.0000000000000000 
-1.0000000000000000 
-1.0000000000000000 
-1.0000000000000000 
-1.0000000000000000 
-1.0000000000000000 
-1.0000000000000000 
-1.0000000000000000 
-1.0000000000000000 
-1.0000000000000000 
-1.0000000000000000 
-1.0000000000000000 
-1.0000000000000000 
-1.0000000000000000 
-1.0000000000000000 
-1.0000000000000000 
-1.0000000000000000 
-1.0000000000000000 
-1.0000000000000000 
-1.0000000000000000 
-1.0000000000000000 
-1.0000000000000000 
-1.0000000000000000 
-1.0000000000000000 
-0.9999999999999999 
-1.0000000000000000 
-1.0000000000000000 
-1.0000000000000000 
-1.0000000000000000 
-1.0000000000000000 
-1.0000000000000000 
-1.0000000000000000 
-1.0000000000000000 
-1.0000000000000000 
-1.0000000000000000 
-1.0000000000000000 
-1.0000000000000000 
-1.0000000000000000 
-1.0000000000000000 
-1.0000000000000000 
-1.0000000000000000 
-1.0000000000000000 
-1.0000000000000000 
-1.0000000000000000 
-1.0000000000000000 
-1.0000000000000000 
-1.0000000000000000 
-1.0000000000000000 
-1.0000000000000000 
-1.0000000000000000 
-1.0000000000000000 
-1.0000000000000000 
-1.0000000000000000 
-1.0000000000000000 
-1.0000000000000000 
-1.0000000000000000 
-1.0000000000000000 
-1.0000000000000000 
-1.0000000000000000 
-1.0000000000000000 
-1.0000000000000000 
-1.0000000000000000 
-1.0000000000000000 
-1.0000000000000000 
-1.0000000000000000 
-1.0000000000000000 
-1.0000000000000000 
-1.0000000000000000 
-1.0000000000000000 
-0.9999999999999999 
-1.0000000000000000 
-1.0000000000000000 
-1.0000000000000000 
-1.0000000000000000 
-1.0000000000000000 
-1.0000000000000000 
-1.0000000000000000 
-1.0000000000000000 
-1.0000000000000000 
-1.0000000000000000 
-1.0000000000000000 
-1.0000000000000000 
-1.0000000000000000 
-1.0000000000000000 
-1.0000000000000000 
-1.0000000000000000 
-1.0000000000000000 
-1.0000000000000000 
-1.0000000000000000 
-1.0000000000000000 
-1.0000000000000000 
-1.0000000000000000 
-1.0000000000000000 
-1.0000000000000000 
-1.0000000000000000 
-1.0000000000000000 
-1.0000000000000000 
-1.0000000000000000 
-0.5344696209837820 
-1.0000000000000000 
-1.0000000000000000 
-1.0000000000000000 
-1.0000000000000000 
-1.0000000000000000 
-1.0000000000000000 
-1.0000000000000000 
-1.0000000000000000 
-1.0000000000000000 
-1.0000000000000000 
-1.0000000000000000 
-1.0000000000000000 
-1.0000000000000000 
-1.0000000000000000 
-1.0000000000000000 
-1.0000000000000000 
-1.0000000000000000 
-1.0000000000000000 
-1.0000000000000000 
-1.0000000000000000 
-1.0000000000000000 
-1.0000000000000000 
-1.0000000000000000 
-1.0000000000000000 
-1.0000000000000000 
-1.0000000000000000 
-1.0000000000000000 
-1.0000000000000000 
-1.0000000000000000 
-1.0000000000000000 
-1.0000000000000000 
-1.0000000000000000 
-1.0000000000000000 
-1.0000000000000000 
-1.0000000000000000 
-1.0000000000000000 
-1.0000000000000000 
-1.0000000000000000 
-0.0456390834308064 
-1.0000000000000000 
-1.0000000000000000 
-1.0000000000000000 
-1.0000000000000000 
-1.0000000000000000 
-1.0000000000000000 
-1.0000000000000000 
-1.0000000000000000 
-1.0000000000000000 
-1.0000000000000000 
-1.0000000000000000 
-1.0000000000000000 
-1.0000000000000000 
-1.0000000000000000 
-1.0000000000000000 
-1.0000000000000000 
-1.0000000000000000 
-1.0000000000000000 
-1.0000000000000000 
-1.0000000000000000 
-1.0000000000000000 
-1.0000000000000000 
-0.6456424601167576 
-1.0000000000000000 
-1.0000000000000000 
-1.0000000000000000 
-1.0000000000000000 
-1.0000000000000000 
-1.0000000000000000 
-1.0000000000000000 
-1.0000000000000000 
-1.0000000000000000 
-1.0000000000000000 
-1.0000000000000000 
-1.0000000000000000 
-1.0000000000000000 
-1.0000000000000000 
-0.1278468822248317 
-1.0000000000000000 
-1.0000000000000000 
-1.0000000000000000 
-1.0000000000000000 
-1.0000000000000000 
-1.0000000000000000 
-1.0000000000000000 
-1.0000000000000000 
-1.0000000000000000 
-1.0000000000000000 
-1.0000000000000000 
-1.0000000000000000 
-1.0000000000000000 
-1.0000000000000000 
-1.0000000000000000 
-1.0000000000000000 
-1.0000000000000000 
-1.0000000000000000 
-1.0000000000000000 
-1.0000000000000000 
-1.0000000000000000 
-1.0000000000000000 
-1.0000000000000000 
-1.0000000000000000 
-1.0000000000000000 
-1.0000000000000000 
-1.0000000000000000 
-1.0000000000000000 
-1.0000000000000000 
-0.9999746317571938 
-1.0000000000000000 
-1.0000000000000000 
-1.0000000000000000 
-1.0000000000000000 
-1.0000000000000000 
-1.0000000000000000 
-1.0000000000000000 
-1.0000000000000000 
-1.0000000000000000 
-1.0000000000000000 
-1.0000000000000000 
-0.1370191250884832 
-1.0000000000000000 
-1.0000000000000000 
-1.0000000000000000 
-1.0000000000000000 
-1.0000000000000000 
-1.0000000000000000 
-1.0000000000000000 
-1.0000000000000000 
-1.0000000000000000 
-1.0000000000000000 
-1.0000000000000000 
-1.0000000000000000 
-1.0000000000000000 
-1.0000000000000000 
-1.0000000000000000 
-1.0000000000000000 
-1.0000000000000000 
-1.0000000000000000 
-1.0000000000000000 
-1.0000000000000000 
-1.0000000000000000 
-1.0000000000000000 
-1.0000000000000000 
-1.0000000000000000 
-1.0000000000000000 
-1.0000000000000000 
-1.0000000000000000 
-1.0000000000000000 
-1.0000000000000000 
-1.0000000000000000 
-1.0000000000000000 
-1.0000000000000000 
-1.0000000000000000 
-1.0000000000000000 
-1.0000000000000000 
-1.0000000000000000 
-1.0000000000000000 
-1.0000000000000000 
-1.0000000000000000 
-1.0000000000000000 
-1.0000000000000000 
-1.0000000000000000 
-1.0000000000000000 
-1.0000000000000000 
-1.0000000000000000 
-1.0000000000000000 
-1.0000000000000000 
-1.0000000000000000 
-1.0000000000000000 
-1.0000000000000000 
-1.0000000000000000 
-1.0000000000000000 
-1.0000000000000000 
-1.0000000000000000 
-0.9999999999999999 
-1.0000000000000000 
-1.0000000000000000 
-1.0000000000000000 
-1.0000000000000000 
-1.0000000000000000 
-1.0000000000000000 
-1.0000000000000000 
-1.0000000000000000 
-1.0000000000000000 
-1.0000000000000000 
-1.0000000000000000 
-1.0000000000000000 
-1.0000000000000000 
-1.0000000000000000 
-1.0000000000000000 
-1.0000000000000000 
-1.0000000000000000 
-1.0000000000000000 
-1.0000000000000000 
-1.0000000000000000 
-1.0000000000000000 
-1.0000000000000000 
-1.0000000000000000 
-1.0000000000000000 
-1.0000000000000000 
-1.0000000000000000 
-1.0000000000000000 
-1.0000000000000000 
-1.0000000000000000 
-1.0000000000000000 
-1.0000000000000000 
-1.0000000000000000 
-1.0000000000000000 
-1.0000000000000000 
-1.0000000000000000 
-1.0000000000000000 
-1.0000000000000000 
-1.0000000000000000 
-1.0000000000000000 
-1.0000000000000000 
-1.0000000000000000 
-1.0000000000000000 
-1.0000000000000000 
-1.0000000000000000 
-1.0000000000000000 
-1.0000000000000000 
-1.0000000000000000 
-1.0000000000000000 
-1.0000000000000000 
-1.0000000000000000 
-1.0000000000000000 
-1.0000000000000000 
-1.0000000000000000 
-1.0000000000000000 
-1.0000000000000000 
-1.0000000000000000 
-1.0000000000000000 
-1.0000000000000000 
-1.0000000000000000 
-1.0000000000000000 
-1.0000000000000000 
-1.0000000000000000 
-1.0000000000000000 
-1.0000000000000000 
-1.0000000000000000 
-1.0000000000000000 
-0.6504758020178189 
-1.0000000000000000 
-1.0000000000000000 
-1.0000000000000000 
-1.0000000000000000 
-1.0000000000000000 
-1.0000000000000000 
-1.0000000000000000 
-1.0000000000000000 
-1.0000000000000000 
-1.0000000000000000 
-1.0000000000000000 
-1.0000000000000000 
-1.0000000000000000 
-1.0000000000000000 
-1.0000000000000000 
-1.0000000000000000 
-1.0000000000000000 
-1.0000000000000000 
-1.0000000000000000 
-1.0000000000000000 
-1.0000000000000000 
-1.0000000000000000 
-1.0000000000000000 
-1.0000000000000000 
-1.0000000000000000 
-1.0000000000000000 
-1.0000000000000000 
-1.0000000000000000 
-1.0000000000000000 
-1.0000000000000000 
-1.0000000000000000 
-1.0000000000000000 
-1.0000000000000000 
-1.0000000000000000 
-1.0000000000000000 
-1.0000000000000000 
-1.0000000000000000 
-1.0000000000000000 
-1.0000000000000000 
-1.0000000000000000 
-1.0000000000000000 
-1.0000000000000000 
-1.0000000000000000 
-1.0000000000000000 
-1.0000000000000000 
-1.0000000000000000 
-1.0000000000000000 
-1.0000000000000000 
-1.0000000000000000 
-1.0000000000000000 
-1.0000000000000000 
-1.0000000000000000 
-1.0000000000000000 
-1.0000000000000000 
-1.0000000000000000 
-1.0000000000000000 
-1.0000000000000000 
-1.0000000000000000 
-1.0000000000000000 
-1.0000000000000000 
-1.0000000000000000 
-1.0000000000000000 
-1.0000000000000000 
-1.0000000000000000 
-1.0000000000000000 
-0.8461288127041388 
-1.0000000000000000 
-1.0000000000000000 
-1.0000000000000000 
-1.0000000000000000 
-1.0000000000000000 
-1.0000000000000000 
-1.0000000000000000 
-1.0000000000000000 
-1.0000000000000000 
-1.0000000000000000 
-1.0000000000000000 
-1.0000000000000000 
-1.0000000000000000 
-1.0000000000000000 
-1.0000000000000000 
-1.0000000000000000 
-1.0000000000000000 
-1.0000000000000000 
-1.0000000000000000 
-1.0000000000000000 
-1.0000000000000000 
-1.0000000000000000 
-1.0000000000000000 
-1.0000000000000000 
-1.0000000000000000 
-1.0000000000000000 
-1.0000000000000000 
-1.0000000000000000 
-1.0000000000000000 
-1.0000000000000000 
-1.0000000000000000 
-1.0000000000000000 
-1.0000000000000000 
-1.0000000000000000 
-1.0000000000000000 
-1.0000000000000000 
-1.0000000000000000 
-1.0000000000000000 
-1.0000000000000000 
-1.0000000000000000 
-1.0000000000000000 
-1.0000000000000000 
-1.0000000000000000 
-1.0000000000000000 
-1.0000000000000000 
-1.0000000000000000 
-1.0000000000000000 
-1.0000000000000000 
-1.0000000000000000 
-1.0000000000000000 
-1.0000000000000000 
-1.0000000000000000 
-1.0000000000000000 
-1.0000000000000000 
-1.0000000000000000 
-1.0000000000000000 
-1.0000000000000000 
-1.0000000000000000 
-1.0000000000000000 
-1.0000000000000000 
-0.0665224453136344 
-1.0000000000000000 
-1.0000000000000000 
-1.0000000000000000 
-1.0000000000000000 
-1.0000000000000000 
-1.0000000000000000 
-1.0000000000000000 
-1.0000000000000000 
-1.0000000000000000 
-1.0000000000000000 
-1.0000000000000000 
-1.0000000000000000 
-0.4574961698212419 
-1.0000000000000000 
-1.0000000000000000 
-1.0000000000000000 
-1.0000000000000000 
-1.0000000000000000 
-1.0000000000000000 
-1.0000000000000000 
-1.0000000000000000 
-1.0000000000000000 
-1.0000000000000000 
-1.0000000000000000 
-1.0000000000000000 
-1.0000000000000000 
-1.0000000000000000 
-1.0000000000000000 
-1.0000000000000000 
-1.0000000000000000 
-1.0000000000000000 
-1.0000000000000000 
-1.0000000000000000 
-1.0000000000000000 
-1.0000000000000000 
-1.0000000000000000 
-1.0000000000000000 
-1.0000000000000000 
-1.0000000000000000 
-1.0000000000000000 
-1.0000000000000000 
-1.0000000000000000 
-1.0000000000000000 
-1.0000000000000000 
-1.0000000000000000 
-1.0000000000000000 
-1.0000000000000000 
-1.0000000000000000 
-1.0000000000000000 
-1.0000000000000000 
-1.0000000000000000 
-1.0000000000000000 
-1.0000000000000000 
-1.0000000000000000 
-1.0000000000000000 
-1.0000000000000000 
-1.0000000000000000 
-1.0000000000000000 
-1.0000000000000000 
-1.0000000000000000 
-1.0000000000000000 
-1.0000000000000000 
-1.0000000000000000 
-1.0000000000000000 
-1.0000000000000000 
-1.0000000000000000 
-1.0000000000000000 
-1.0000000000000000 
-1.0000000000000000 
-1.0000000000000000 
-1.0000000000000000 
-1.0000000000000000 
-1.0000000000000000 
-1.0000000000000000 
-1.0000000000000000 
-1.0000000000000000 
-1.0000000000000000 
-1.0000000000000000 
-1.0000000000000000 
-1.0000000000000000 
-1.0000000000000000 
-1.0000000000000000 
-1.0000000000000000 
-1.0000000000000000 
-1.0000000000000000 
-1.0000000000000000 
-0.9999999999999999 
-1.0000000000000000 
-1.0000000000000000 
-1.0000000000000000 
-1.0000000000000000 
-1.0000000000000000 
-1.0000000000000000 
-1.0000000000000000 
-1.0000000000000000 
-0.9001631747368636 
-1.0000000000000000 
-1.0000000000000000 
-1.0000000000000000 
-1.0000000000000000 
-1.0000000000000000 
-1.0000000000000000 
-1.0000000000000000 
-1.0000000000000000 
-1.0000000000000000 
-1.0000000000000000 
-1.0000000000000000 
-1.0000000000000000 
-1.0000000000000000 
-1.0000000000000000 
-1.0000000000000000 
-1.0000000000000000 
-1.0000000000000000 
-1.0000000000000000 
-1.0000000000000000 
-1.0000000000000000 
-1.0000000000000000 
-1.0000000000000000 
-1.0000000000000000 
-1.0000000000000000 
-1.0000000000000000 
-1.0000000000000000 
-1.0000000000000000 
-1.0000000000000000 
-1.0000000000000000 
-1.0000000000000000 
-1.0000000000000000 
-1.0000000000000000 
-1.0000000000000000 
-1.0000000000000000 
-1.0000000000000000 
-1.0000000000000000 
-1.0000000000000000 
-1.0000000000000000 
-1.0000000000000000 
-1.0000000000000000 
-1.0000000000000000 
-1.0000000000000000 
-1.0000000000000000 
-1.0000000000000000 
-1.0000000000000000 
-1.0000000000000000 
-1.0000000000000000 
-1.0000000000000000 
-1.0000000000000000 
-1.0000000000000000 
-1.0000000000000000 
-1.0000000000000000 
-1.0000000000000000 
-1.0000000000000000 
-1.0000000000000000 
-1.0000000000000000 
-1.0000000000000000 
-1.0000000000000000 
-1.0000000000000000 
-1.0000000000000000 
-1.0000000000000000 
-1.0000000000000000 
-1.0000000000000000 
-1.0000000000000000 
-1.0000000000000000 
-1.0000000000000000 
-1.0000000000000000 
-1.0000000000000000 
-1.0000000000000000 
-1.0000000000000000 
-1.0000000000000000 
-1.0000000000000000 
-1.0000000000000000 
-1.0000000000000000 
-1.0000000000000000 
-0.5407709257906088 
-1.0000000000000000 
-1.0000000000000000 
-1.0000000000000000 
-1.0000000000000000 
-1.0000000000000000 
-1.0000000000000000 
-1.0000000000000000 
-1.0000000000000000 
-1.0000000000000000 
-1.0000000000000000 
-1.0000000000000000 
-1.0000000000000000 
-1.0000000000000000 
-1.0000000000000000 
-1.0000000000000000 
-1.0000000000000000 
-1.0000000000000000 
-1.0000000000000000 
-1.0000000000000000 
-1.0000000000000000 
-1.0000000000000000 
-1.0000000000000000 
-1.0000000000000000 
-1.0000000000000000 
-1.0000000000000000 
-1.0000000000000000 
-1.0000000000000000 
-1.0000000000000000 
-1.0000000000000000 
-1.0000000000000000 
-1.0000000000000000 
-1.0000000000000000 
-1.0000000000000000 
-1.0000000000000000 
-1.0000000000000000 
-1.0000000000000000 
-1.0000000000000000 
-0.9999999999999999 
-1.0000000000000000 
-1.0000000000000000 
-1.0000000000000000 
-1.0000000000000000 
-1.0000000000000000 
-1.0000000000000000 
-1.0000000000000000 
-1.0000000000000000 
-1.0000000000000000 
-1.0000000000000000 
-1.0000000000000000 
-1.0000000000000000 
-1.0000000000000000 
-1.0000000000000000 
-1.0000000000000000 
-1.0000000000000000 
-1.0000000000000000 
-1.0000000000000000 
-1.0000000000000000 
-1.0000000000000000 
-1.0000000000000000 
-1.0000000000000000 
-1.0000000000000000 
-1.0000000000000000 
-1.0000000000000000 
-1.0000000000000000 
-1.0000000000000000 
-1.0000000000000000 
-1.0000000000000000 
-0.4124709296817597 
-1.0000000000000000 
-1.0000000000000000 
-1.0000000000000000 
-1.0000000000000000 
-1.0000000000000000 
-1.0000000000000000 
-1.0000000000000000 
-1.0000000000000000 
-1.0000000000000000 
-1.0000000000000000 
-1.0000000000000000 
-1.0000000000000000 
-1.0000000000000000 
-1.0000000000000000 
-1.0000000000000000 
-1.0000000000000000 
-1.0000000000000000 
-1.0000000000000000 
-1.0000000000000000 
-1.0000000000000000 
-1.0000000000000000 
-1.0000000000000000 
-1.0000000000000000 
-1.0000000000000000 
-1.0000000000000000 
-1.0000000000000000 
-1.0000000000000000 
-1.0000000000000000 
-1.0000000000000000 
-1.0000000000000000 
-1.0000000000000000 
-1.0000000000000000 
-1.0000000000000000 
-1.0000000000000000 
-1.0000000000000000 
-1.0000000000000000 
-1.0000000000000000 
-1.0000000000000000 
-1.0000000000000000 
-1.0000000000000000 
-1.0000000000000000 
-1.0000000000000000 
-1.0000000000000000 
-1.0000000000000000 
-1.0000000000000000 
-1.0000000000000000 
-1.0000000000000000 
-1.0000000000000000 
-1.0000000000000000 
-1.0000000000000000 
-1.0000000000000000 
-1.0000000000000000 
-1.0000000000000000 
-1.0000000000000000 
-1.0000000000000000 
-1.0000000000000000 
-1.0000000000000000 
-1.0000000000000000 
-1.0000000000000000 
-1.0000000000000000 
-1.0000000000000000 
-1.0000000000000000 
-1.0000000000000000 
-1.0000000000000000 
-1.0000000000000000 
-1.0000000000000000 
-1.0000000000000000 
-1.0000000000000000 
-1.0000000000000000 
-1.0000000000000000 
-1.0000000000000000 
-1.0000000000000000 
-1.0000000000000000 
-1.0000000000000000 
-0.9999999999999999 
-1.0000000000000000 
-1.0000000000000000 
-1.0000000000000000 
-1.0000000000000000 
-1.0000000000000000 
-1.0000000000000000 
-1.0000000000000000 
-1.0000000000000000 
-1.0000000000000000 
-1.0000000000000000 
-1.0000000000000000 
-1.0000000000000000 
-1.0000000000000000 
-1.0000000000000000 
-1.0000000000000000 
-1.0000000000000000 
-1.0000000000000000 
-1.0000000000000000 
-1.0000000000000000 
-1.0000000000000000 
-1.0000000000000000 
-1.0000000000000000 
-1.0000000000000000 
-1.0000000000000000 
-1.0000000000000000 
-1.0000000000000000 
-1.0000000000000000 
-1.0000000000000000 
-1.0000000000000000 
-1.0000000000000000 
-1.0000000000000000 
-1.0000000000000000 
-1.0000000000000000 
-1.0000000000000000 
-1.0000000000000000 
-1.0000000000000000 
-1.0000000000000000 
-1.0000000000000000 
-1.0000000000000000 
-1.0000000000000000 
-1.0000000000000000 
-1.0000000000000000 
-1.0000000000000000 
-0.7540435141969506 
-1.0000000000000000 
-1.0000000000000000 
-1.0000000000000000 
-1.0000000000000000 
-1.0000000000000000 
-1.0000000000000000 
-1.0000000000000000 
-1.0000000000000000 
-1.0000000000000000 
-1.0000000000000000 
-1.0000000000000000 
-1.0000000000000000 
-1.0000000000000000 
-1.0000000000000000 
-1.0000000000000000 
-1.0000000000000000 
-1.0000000000000000 
-1.0000000000000000 
-1.0000000000000000 
-1.0000000000000000 
-1.0000000000000000 
-1.0000000000000000 
-1.0000000000000000 
-1.0000000000000000 
-1.0000000000000000 
-1.0000000000000000 
-1.0000000000000000 
-1.0000000000000000 
-1.0000000000000000 
-1.0000000000000000 
-1.0000000000000000 
-1.0000000000000000 
-1.0000000000000000 
-1.0000000000000000 
-1.0000000000000000 
-1.0000000000000000 
-1.0000000000000000 
-1.0000000000000000 
-1.0000000000000000 
-1.0000000000000000 
-1.0000000000000000 
-1.0000000000000000 
-1.0000000000000000 
-1.0000000000000000 
-1.0000000000000000 
-1.0000000000000000 
-1.0000000000000000 
-1.0000000000000000 
-1.0000000000000000 
-1.0000000000000000 
-1.0000000000000000 
-1.0000000000000000 
-1.0000000000000000 
-1.0000000000000000 
-1.0000000000000000 
-1.0000000000000000 
-1.0000000000000000 
-1.0000000000000000 
-1.0000000000000000 
-1.0000000000000000 
-1.0000000000000000 
-1.0000000000000000 
-1.0000000000000000 
-1.0000000000000000 
-1.0000000000000000 
-1.0000000000000000 
-1.0000000000000000 
-1.0000000000000000 
-1.0000000000000000 
-1.0000000000000000 
-1.0000000000000000 
-1.0000000000000000 
-1.0000000000000000 
-1.0000000000000000 
-1.0000000000000000 
-1.0000000000000000 
-1.0000000000000000 
-1.0000000000000000 
-1.0000000000000000 
-1.0000000000000000 
-1.0000000000000000 
-1.0000000000000000 
-1.0000000000000000 
-1.0000000000000000 
-1.0000000000000000 
-1.0000000000000000 
-1.0000000000000000 
-1.0000000000000000 
-1.0000000000000000 
-1.0000000000000000 
-1.0000000000000000 
-1.0000000000000000 
-1.0000000000000000 
-1.0000000000000000 
-1.0000000000000000 
-1.0000000000000000 
-1.0000000000000000 
-1.0000000000000000 
-1.0000000000000000 
-1.0000000000000000 
-1.0000000000000000 
-1.0000000000000000 
-1.0000000000000000 
-1.0000000000000000 
-1.0000000000000000 
-1.0000000000000000 
-1.0000000000000000 
-1.0000000000000000 
-1.0000000000000000 
-1.0000000000000000 
-1.0000000000000000 
-1.0000000000000000 
-1.0000000000000000 
-1.0000000000000000 
-1.0000000000000000 
-1.0000000000000000 
-0.2381246520622693 
-1.0000000000000000 
-1.0000000000000000 
-1.0000000000000000 
-1.0000000000000000 
-1.0000000000000000 
-1.0000000000000000 
-1.0000000000000000 
-1.0000000000000000 
-1.0000000000000000 
-1.0000000000000000 
-1.0000000000000000 
-1.0000000000000000 
-1.0000000000000000 
-1.0000000000000000 
-1.0000000000000000 
-1.0000000000000000 
-1.0000000000000000 
-1.0000000000000000 
-1.0000000000000000 
-1.0000000000000000 
-1.0000000000000000 
-1.0000000000000000 
-1.0000000000000000 
-1.0000000000000000 
-1.0000000000000000 
-1.0000000000000000 
-1.0000000000000000 
-1.0000000000000000 
-1.0000000000000000 
-1.0000000000000000 
-1.0000000000000000 
-1.0000000000000000 
-1.0000000000000000 
-1.0000000000000000 
-1.0000000000000000 
-1.0000000000000000 
-1.0000000000000000 
-1.0000000000000000 
-1.0000000000000000 
-1.0000000000000000 
-1.0000000000000000 
-1.0000000000000000 
-1.0000000000000000 
-1.0000000000000000 
-1.0000000000000000 
-1.0000000000000000 
-1.0000000000000000 
-1.0000000000000000 
-1.0000000000000000 
-1.0000000000000000 
-1.0000000000000000 
-1.0000000000000000 
-1.0000000000000000 
-1.0000000000000000 
-1.0000000000000000 
-1.0000000000000000 
-1.0000000000000000 
-1.0000000000000000 
-1.0000000000000000 
-1.0000000000000000 
-1.0000000000000000 
-1.0000000000000000 
-1.0000000000000000 
-1.0000000000000000 
-0.9177190824123033 
-1.0000000000000000 
-1.0000000000000000 
-1.0000000000000000 
-1.0000000000000000 
-1.0000000000000000 
-1.0000000000000000 
-1.0000000000000000 
-1.0000000000000000 
-1.0000000000000000 
-1.0000000000000000 
-1.0000000000000000 
-1.0000000000000000 
-1.0000000000000000 
-1.0000000000000000 
-1.0000000000000000 
-1.0000000000000000 
-1.0000000000000000 
-1.0000000000000000 
-1.0000000000000000 
-1.0000000000000000 
-1.0000000000000000 
-1.0000000000000000 
-1.0000000000000000 
-1.0000000000000000 
-1.0000000000000000 
-1.0000000000000000 
-1.0000000000000000 
-1.0000000000000000 
-1.0000000000000000 
-1.0000000000000000 
-1.0000000000000000 
-1.0000000000000000 
-1.0000000000000000 
-1.0000000000000000 
-1.0000000000000000 
-1.0000000000000000 
-1.0000000000000000 
-1.0000000000000000 
-1.0000000000000000 
-1.0000000000000000 
-1.0000000000000000 
-1.0000000000000000 
-1.0000000000000000 
-1.0000000000000000 
-1.0000000000000000 
-1.0000000000000000 
-1.0000000000000000 
-1.0000000000000000 
-1.0000000000000000 
-1.0000000000000000 
-1.0000000000000000 
-1.0000000000000000 
-1.0000000000000000 
-1.0000000000000000 
1.0000000000000000 
1.0000000000000000 
1.0000000000000000 
1.0000000000000000 
1.0000000000000000 
1.0000000000000000 
1.0000000000000000 
1.0000000000000000 
1.0000000000000000 
1.0000000000000000 
1.0000000000000000 
1.0000000000000000 
1.0000000000000000 
1.0000000000000000 
1.0000000000000000 
1.0000000000000000 
1.0000000000000000 
1.0000000000000000 
1.0000000000000000 
1.0000000000000000 
1.0000000000000000 
1.0000000000000000 
1.0000000000000000 
1.0000000000000000 
1.0000000000000000 
1.0000000000000000 
1.0000000000000000 
1.0000000000000000 
1.0000000000000000 
1.0000000000000000 
1.0000000000000000 
1.0000000000000000 
1.0000000000000000 
1.0000000000000000 
1.0000000000000000 
1.0000000000000000 
1.0000000000000000 
1.0000000000000000 
1.0000000000000000 
0.7339433547817771 
1.0000000000000000 
1.0000000000000000 
1.0000000000000000 
1.0000000000000000 
1.0000000000000000 
1.0000000000000000 
1.0000000000000000 
1.0000000000000000 
1.0000000000000000 
1.0000000000000000 
1.0000000000000000 
1.0000000000000000 
1.0000000000000000 
1.0000000000000000 
1.0000000000000000 
1.0000000000000000 
1.0000000000000000 
1.0000000000000000 
1.0000000000000000 
1.0000000000000000 
1.0000000000000000 
1.0000000000000000 
1.0000000000000000 
1.0000000000000000 
1.0000000000000000 
1.0000000000000000 
1.0000000000000000 
1.0000000000000000 
1.0000000000000000 
1.0000000000000000 
1.0000000000000000 
1.0000000000000000 
1.0000000000000000 
1.0000000000000000 
1.0000000000000000 
1.0000000000000000 
1.0000000000000000 
1.0000000000000000 
1.0000000000000000 
1.0000000000000000 
1.0000000000000000 
1.0000000000000000 
1.0000000000000000 
1.0000000000000000 
1.0000000000000000 
1.0000000000000000 
1.0000000000000000 
1.0000000000000000 
1.0000000000000000 
1.0000000000000000 
1.0000000000000000 
1.0000000000000000 
1.0000000000000000 
1.0000000000000000 
1.0000000000000000 
1.0000000000000000 
1.0000000000000000 
1.0000000000000000 
1.0000000000000000 
1.0000000000000000 
1.0000000000000000 
1.0000000000000000 
1.0000000000000000 
1.0000000000000000 
1.0000000000000000 
1.0000000000000000 
1.0000000000000000 
1.0000000000000000 
1.0000000000000000 
1.0000000000000000 
1.0000000000000000 
1.0000000000000000 
1.0000000000000000 
1.0000000000000000 
1.0000000000000000 
1.0000000000000000 
1.0000000000000000 
1.0000000000000000 
1.0000000000000000 
1.0000000000000000 
1.0000000000000000 
1.0000000000000000 
1.0000000000000000 
1.0000000000000000 
1.0000000000000000 
1.0000000000000000 
1.0000000000000000 
1.0000000000000000 
1.0000000000000000 
1.0000000000000000 
1.0000000000000000 
1.0000000000000000 
1.0000000000000000 
1.0000000000000000 
1.0000000000000000 
1.0000000000000000 
1.0000000000000000 
1.0000000000000000 
1.0000000000000000 
1.0000000000000000 
1.0000000000000000 
1.0000000000000000 
1.0000000000000000 
1.0000000000000000 
1.0000000000000000 
1.0000000000000000 
1.0000000000000000 
1.0000000000000000 
1.0000000000000000 
1.0000000000000000 
1.0000000000000000 
1.0000000000000000 
1.0000000000000000 
1.0000000000000000 
1.0000000000000000 
1.0000000000000000 
1.0000000000000000 
1.0000000000000000 
1.0000000000000000 
1.0000000000000000 
1.0000000000000000 
1.0000000000000000 
1.0000000000000000 
1.0000000000000000 
1.0000000000000000 
1.0000000000000000 
1.0000000000000000 
1.0000000000000000 
1.0000000000000000 
1.0000000000000000 
1.0000000000000000 
1.0000000000000000 
1.0000000000000000 
0.8172753699944050 
1.0000000000000000 
1.0000000000000000 
1.0000000000000000 
1.0000000000000000 
1.0000000000000000 
1.0000000000000000 
1.0000000000000000 
1.0000000000000000 
1.0000000000000000 
1.0000000000000000 
1.0000000000000000 
1.0000000000000000 
1.0000000000000000 
1.0000000000000000 
1.0000000000000000 
1.0000000000000000 
1.0000000000000000 
1.0000000000000000 
1.0000000000000000 
1.0000000000000000 
1.0000000000000000 
1.0000000000000000 
1.0000000000000000 
1.0000000000000000 
1.0000000000000000 
1.0000000000000000 
1.0000000000000000 
1.0000000000000000 
1.0000000000000000 
1.0000000000000000 
1.0000000000000000 
1.0000000000000000 
1.0000000000000000 
1.0000000000000000 
1.0000000000000000 
1.0000000000000000 
1.0000000000000000 
1.0000000000000000 
1.0000000000000000 
1.0000000000000000 
1.0000000000000000 
1.0000000000000000 
1.0000000000000000 
1.0000000000000000 
1.0000000000000000 
1.0000000000000000 
1.0000000000000000 
1.0000000000000000 
1.0000000000000000 
1.0000000000000000 
1.0000000000000000 
1.0000000000000000 
1.0000000000000000 
1.0000000000000000 
1.0000000000000000 
1.0000000000000000 
1.0000000000000000 
1.0000000000000000 
1.0000000000000000 
1.0000000000000000 
1.0000000000000000 
1.0000000000000000 
1.0000000000000000 
1.0000000000000000 
1.0000000000000000 
1.0000000000000000 
1.0000000000000000 
1.0000000000000000 
1.0000000000000000 
1.0000000000000000 
1.0000000000000000 
1.0000000000000000 
1.0000000000000000 
1.0000000000000000 
1.0000000000000000 
1.0000000000000000 
1.0000000000000000 
1.0000000000000000 
1.0000000000000000 
1.0000000000000000 
1.0000000000000000 
1.0000000000000000 
1.0000000000000000 
1.0000000000000000 
1.0000000000000000 
1.0000000000000000 
1.0000000000000000 
1.0000000000000000 
1.0000000000000000 
1.0000000000000000 
1.0000000000000000 
1.0000000000000000 
1.0000000000000000 
1.0000000000000000 
1.0000000000000000 
1.0000000000000000 
1.0000000000000000 
1.0000000000000000 
1.0000000000000000 
1.0000000000000000 
1.0000000000000000 
1.0000000000000000 
1.0000000000000000 
1.0000000000000000 
1.0000000000000000 
1.0000000000000000 
1.0000000000000000 
1.0000000000000000 
1.0000000000000000 
1.0000000000000000 
1.0000000000000000 
1.0000000000000000 
1.0000000000000000 
1.0000000000000000 
1.0000000000000000 
1.0000000000000000 
1.0000000000000000 
1.0000000000000000 
1.0000000000000000 
1.0000000000000000 
1.0000000000000000 
1.0000000000000000 
1.0000000000000000 
1.0000000000000000 
1.0000000000000000 
1.0000000000000000 
1.0000000000000000 
1.0000000000000000 
1.0000000000000000 
1.0000000000000000 
1.0000000000000000 
1.0000000000000000 
1.0000000000000000 
1.0000000000000000 
1.0000000000000000 
1.0000000000000000 
1.0000000000000000 
1.0000000000000000 
1.0000000000000000 
1.0000000000000000 
1.0000000000000000 
1.0000000000000000 
1.0000000000000000 
1.0000000000000000 
1.0000000000000000 
1.0000000000000000 
1.0000000000000000 
1.0000000000000000 
1.0000000000000000 
1.0000000000000000 
1.0000000000000000 
1.0000000000000000 
1.0000000000000000 
1.0000000000000000 
1.0000000000000000 
1.0000000000000000 
1.0000000000000000 
1.0000000000000000 
1.0000000000000000 
1.0000000000000000 
1.0000000000000000 
1.0000000000000000 
1.0000000000000000 
1.0000000000000000 
0.9844516496642314 
1.0000000000000000 
1.0000000000000000 
1.0000000000000000 
1.0000000000000000 
1.0000000000000000 
1.0000000000000000 
1.0000000000000000 
1.0000000000000000 
1.0000000000000000 
1.0000000000000000 
1.0000000000000000 
1.0000000000000000 
1.0000000000000000 
1.0000000000000000 
1.0000000000000000 
1.0000000000000000 
1.0000000000000000 
1.0000000000000000 
1.0000000000000000 
1.0000000000000000 
1.0000000000000000 
1.0000000000000000 
1.0000000000000000 
1.0000000000000000 
1.0000000000000000 
1.0000000000000000 
1.0000000000000000 
1.0000000000000000 
1.0000000000000000 
1.0000000000000000 
1.0000000000000000 
1.0000000000000000 
1.0000000000000000 
0.8755384613397731 
1.0000000000000000 
1.0000000000000000 
1.0000000000000000 
1.0000000000000000 
1.0000000000000000 
1.0000000000000000 
1.0000000000000000 
1.0000000000000000 
1.0000000000000000 
1.0000000000000000 
1.0000000000000000 
1.0000000000000000 
0.3565098360126348 
1.0000000000000000 
1.0000000000000000 
1.0000000000000000 
1.0000000000000000 
1.0000000000000000 
1.0000000000000000 
1.0000000000000000 
1.0000000000000000 
1.0000000000000000 
1.0000000000000000 
1.0000000000000000 
1.0000000000000000 
1.0000000000000000 
1.0000000000000000 
1.0000000000000000 
1.0000000000000000 
1.0000000000000000 
1.0000000000000000 
1.0000000000000000 
1.0000000000000000 
1.0000000000000000 
1.0000000000000000 
1.0000000000000000 
1.0000000000000000 
1.0000000000000000 
1.0000000000000000 
1.0000000000000000 
1.0000000000000000 
1.0000000000000000 
1.0000000000000000 
1.0000000000000000 
1.0000000000000000 
1.0000000000000000 
1.0000000000000000 
1.0000000000000000 
1.0000000000000000 
1.0000000000000000 
1.0000000000000000 
1.0000000000000000 
1.0000000000000000 
1.0000000000000000 
0.0800070334997546 
1.0000000000000000 
1.0000000000000000 
1.0000000000000000 
1.0000000000000000 
1.0000000000000000 
1.0000000000000000 
1.0000000000000000 
1.0000000000000000 
1.0000000000000000 
1.0000000000000000 
1.0000000000000000 
1.0000000000000000 
1.0000000000000000 
1.0000000000000000 
1.0000000000000000 
1.0000000000000000 
1.0000000000000000 
1.0000000000000000 
1.0000000000000000 
1.0000000000000000 
1.0000000000000000 
1.0000000000000000 
1.0000000000000000 
1.0000000000000000 
1.0000000000000000 
1.0000000000000000 
1.0000000000000000 
1.0000000000000000 
1.0000000000000000 
1.0000000000000000 
1.0000000000000000 
1.0000000000000000 
1.0000000000000000 
1.0000000000000000 
1.0000000000000000 
1.0000000000000000 
1.0000000000000000 
1.0000000000000000 
1.0000000000000000 
1.0000000000000000 
1.0000000000000000 
1.0000000000000000 
1.0000000000000000 
1.0000000000000000 
1.0000000000000000 
1.0000000000000000 
1.0000000000000000 
1.0000000000000000 
1.0000000000000000 
1.0000000000000000 
1.0000000000000000 
1.0000000000000000 
1.0000000000000000 
1.0000000000000000 
1.0000000000000000 
1.0000000000000000 
1.0000000000000000 
1.0000000000000000 
1.0000000000000000 
1.0000000000000000 
1.0000000000000000 
1.0000000000000000 
1.0000000000000000 
1.0000000000000000 
1.0000000000000000 
1.0000000000000000 
1.0000000000000000 
1.0000000000000000 
1.0000000000000000 
1.0000000000000000 
1.0000000000000000 
1.0000000000000000 
1.0000000000000000 
1.0000000000000000 
1.0000000000000000 
1.0000000000000000 
1.0000000000000000 
1.0000000000000000 
1.0000000000000000 
1.0000000000000000 
1.0000000000000000 
1.0000000000000000 
1.0000000000000000 
1.0000000000000000 
1.0000000000000000 
1.0000000000000000 
1.0000000000000000 
1.0000000000000000 
1.0000000000000000 
1.0000000000000000 
0.0018771380651748 
1.0000000000000000 
1.0000000000000000 
1.0000000000000000 
1.0000000000000000 
1.0000000000000000 
1.0000000000000000 
1.0000000000000000 
1.0000000000000000 
1.0000000000000000 
1.0000000000000000 
1.0000000000000000 
1.0000000000000000 
1.0000000000000000 
1.0000000000000000 
1.0000000000000000 
1.0000000000000000 
1.0000000000000000 
1.0000000000000000 
1.0000000000000000 
1.0000000000000000 
1.0000000000000000 
1.0000000000000000 
1.0000000000000000 
1.0000000000000000 
1.0000000000000000 
1.0000000000000000 
1.0000000000000000 
1.0000000000000000 
1.0000000000000000 
1.0000000000000000 
1.0000000000000000 
1.0000000000000000 
1.0000000000000000 
1.0000000000000000 
1.0000000000000000 
1.0000000000000000 
1.0000000000000000 
1.0000000000000000 
1.0000000000000000 
1.0000000000000000 
1.0000000000000000 
1.0000000000000000 
1.0000000000000000 
1.0000000000000000 
1.0000000000000000 
1.0000000000000000 
0.2596124261010040 
1.0000000000000000 
1.0000000000000000 
1.0000000000000000 
1.0000000000000000 
1.0000000000000000 
1.0000000000000000 
1.0000000000000000 
1.0000000000000000 
1.0000000000000000 
1.0000000000000000 
1.0000000000000000 
1.0000000000000000 
1.0000000000000000 
1.0000000000000000 
1.0000000000000000 
1.0000000000000000 
1.0000000000000000 
1.0000000000000000 
1.0000000000000000 
1.0000000000000000 
1.0000000000000000 
1.0000000000000000 
1.0000000000000000 
1.0000000000000000 
1.0000000000000000 
1.0000000000000000 
1.0000000000000000 
1.0000000000000000 
1.0000000000000000 
1.0000000000000000 
1.0000000000000000 
1.0000000000000000 
1.0000000000000000 
1.0000000000000000 
1.0000000000000000 
1.0000000000000000 
1.0000000000000000 
1.0000000000000000 
1.0000000000000000 
1.0000000000000000 
1.0000000000000000 
1.0000000000000000 
1.0000000000000000 
1.0000000000000000 
1.0000000000000000 
1.0000000000000000 
1.0000000000000000 
0.4034949183252332 
1.0000000000000000 
1.0000000000000000 
1.0000000000000000 
1.0000000000000000 
1.0000000000000000 
1.0000000000000000 
1.0000000000000000 
1.0000000000000000 
1.0000000000000000 
1.0000000000000000 
1.0000000000000000 
1.0000000000000000 
1.0000000000000000 
1.0000000000000000 
1.0000000000000000 
1.0000000000000000 
1.0000000000000000 
1.0000000000000000 
1.0000000000000000 
1.0000000000000000 
1.0000000000000000 
1.0000000000000000 
1.0000000000000000 
1.0000000000000000 
1.0000000000000000 
1.0000000000000000 
1.0000000000000000 
1.0000000000000000 
1.0000000000000000 
1.0000000000000000 
1.0000000000000000 
1.0000000000000000 
1.0000000000000000 
1.0000000000000000 
1.0000000000000000 
1.0000000000000000 
1.0000000000000000 
1.0000000000000000 
1.0000000000000000 
1.0000000000000000 
1.0000000000000000 
1.0000000000000000 
1.0000000000000000 
1.0000000000000000 
1.0000000000000000 
1.0000000000000000 
1.0000000000000000 
1.0000000000000000 
1.0000000000000000 
1.0000000000000000 
1.0000000000000000 
1.0000000000000000 
1.0000000000000000 
1.0000000000000000 
1.0000000000000000 
1.0000000000000000 
1.0000000000000000 
1.0000000000000000 
1.0000000000000000 
1.0000000000000000 
1.0000000000000000 
1.0000000000000000 
1.0000000000000000 
1.0000000000000000 
1.0000000000000000 
1.0000000000000000 
1.0000000000000000 
1.0000000000000000 
1.0000000000000000 
1.0000000000000000 
1.0000000000000000 
1.0000000000000000 
1.0000000000000000 
1.0000000000000000 
1.0000000000000000 
1.0000000000000000 
1.0000000000000000 
1.0000000000000000 
1.0000000000000000 
1.0000000000000000 
1.0000000000000000 
1.0000000000000000 
1.0000000000000000 
1.0000000000000000 
1.0000000000000000 
1.0000000000000000 
1.0000000000000000 
1.0000000000000000 
1.0000000000000000 
1.0000000000000000 
1.0000000000000000 
1.0000000000000000 
1.0000000000000000 
1.0000000000000000 
1.0000000000000000 
1.0000000000000000 
1.0000000000000000 
1.0000000000000000 
1.0000000000000000 
1.0000000000000000 
1.0000000000000000 
1.0000000000000000 
1.0000000000000000 
1.0000000000000000 
1.0000000000000000 
1.0000000000000000 
1.0000000000000000 
1.0000000000000000 
1.0000000000000000 
1.0000000000000000 
1.0000000000000000 
1.0000000000000000 
1.0000000000000000 
1.0000000000000000 
1.0000000000000000 
1.0000000000000000 
1.0000000000000000 
1.0000000000000000 
1.0000000000000000 
1.0000000000000000 
1.0000000000000000 
1.0000000000000000 
1.0000000000000000 
1.0000000000000000 
1.0000000000000000 
1.0000000000000000 
1.0000000000000000 
1.0000000000000000 
1.0000000000000000 
1.0000000000000000 
1.0000000000000000 
1.0000000000000000 
1.0000000000000000 
1.0000000000000000 
1.0000000000000000 
1.0000000000000000 
1.0000000000000000 
1.0000000000000000 
1.0000000000000000 
1.0000000000000000 
1.0000000000000000 
1.0000000000000000 
1.0000000000000000 
1.0000000000000000 
1.0000000000000000 
1.0000000000000000 
1.0000000000000000 
1.0000000000000000 
1.0000000000000000 
1.0000000000000000 
1.0000000000000000 
1.0000000000000000 
1.0000000000000000 
1.0000000000000000 
1.0000000000000000 
1.0000000000000000 
0.1568696937037891 
1.0000000000000000 
1.0000000000000000 
1.0000000000000000 
1.0000000000000000 
1.0000000000000000 
0.9746226942303808 
1.0000000000000000 
1.0000000000000000 
1.0000000000000000 
1.0000000000000000 
1.0000000000000000 
1.0000000000000000 
1.0000000000000000 
1.0000000000000000 
1.0000000000000000 
1.0000000000000000 
1.0000000000000000 
1.0000000000000000 
1.0000000000000000 
1.0000000000000000 
1.0000000000000000 
1.0000000000000000 
0.9717730787616065 
0.8307424844042035 
1.0000000000000000 
1.0000000000000000 
1.0000000000000000 
1.0000000000000000 
1.0000000000000000 
1.0000000000000000 
1.0000000000000000 
1.0000000000000000 
1.0000000000000000 
1.0000000000000000 
1.0000000000000000 
1.0000000000000000 
1.0000000000000000 
1.0000000000000000 
1.0000000000000000 
1.0000000000000000 
1.0000000000000000 
1.0000000000000000 
1.0000000000000000 
1.0000000000000000 
1.0000000000000000 
1.0000000000000000 
1.0000000000000000 
1.0000000000000000 
1.0000000000000000 
1.0000000000000000 
1.0000000000000000 
1.0000000000000000 
1.0000000000000000 
1.0000000000000000 
1.0000000000000000 
0.0808048655970388 
1.0000000000000000 
1.0000000000000000 
1.0000000000000000 
1.0000000000000000 
1.0000000000000000 
1.0000000000000000 
0.3024449276937548 
1.0000000000000000 
1.0000000000000000 
1.0000000000000000 
1.0000000000000000 
1.0000000000000000 
1.0000000000000000 
1.0000000000000000 
1.0000000000000000 
1.0000000000000000 
1.0000000000000000 
1.0000000000000000 
1.0000000000000000 
1.0000000000000000 
1.0000000000000000 
1.0000000000000000 
1.0000000000000000 
1.0000000000000000 
1.0000000000000000 
1.0000000000000000 
1.0000000000000000 
1.0000000000000000 
1.0000000000000000 
1.0000000000000000 
1.0000000000000000 
1.0000000000000000 
1.0000000000000000 
1.0000000000000000 
1.0000000000000000 
1.0000000000000000 
1.0000000000000000 
1.0000000000000000 
1.0000000000000000 
1.0000000000000000 
1.0000000000000000 
1.0000000000000000 
1.0000000000000000 
1.0000000000000000 
1.0000000000000000 
1.0000000000000000 
1.0000000000000000 
1.0000000000000000 
0.1420825119984982 
1.0000000000000000 
1.0000000000000000 
1.0000000000000000 
1.0000000000000000 
1.0000000000000000 
1.0000000000000000 
1.0000000000000000 
1.0000000000000000 
1.0000000000000000 
1.0000000000000000 
1.0000000000000000 
1.0000000000000000 
1.0000000000000000 
1.0000000000000000 
1.0000000000000000 
1.0000000000000000 
1.0000000000000000 
1.0000000000000000 
1.0000000000000000 
1.0000000000000000 
1.0000000000000000 
1.0000000000000000 
1.0000000000000000 
1.0000000000000000 
1.0000000000000000 
1.0000000000000000 
1.0000000000000000 
1.0000000000000000 
1.0000000000000000 
1.0000000000000000 
1.0000000000000000 
1.0000000000000000 
1.0000000000000000 
1.0000000000000000 
1.0000000000000000 
1.0000000000000000 
1.0000000000000000 
1.0000000000000000 
1.0000000000000000 
1.0000000000000000 
0.6189513604234396 
1.0000000000000000 
1.0000000000000000 
0.8525922717827501 
1.0000000000000000 
1.0000000000000000 
1.0000000000000000 
0.1261378754019898 
1.0000000000000000 
0.2689717684423800 
1.0000000000000000 
1.0000000000000000 
1.0000000000000000 
1.0000000000000000 
1.0000000000000000 
1.0000000000000000 
1.0000000000000000 
1.0000000000000000 
1.0000000000000000 
1.0000000000000000 
1.0000000000000000 
1.0000000000000000 
1.0000000000000000 
1.0000000000000000 
0.0023351288175048 
1.0000000000000000 
0.0043484695687415 
1.0000000000000000 
1.0000000000000000 
1.0000000000000000 
1.0000000000000000 
1.0000000000000000 
1.0000000000000000 
1.0000000000000000 
1.0000000000000000 
0.0026097064193229 
1.0000000000000000 
1.0000000000000000 
1.0000000000000000 
1.0000000000000000 
1.0000000000000000 
1.0000000000000000 
1.0000000000000000 
1.0000000000000000 
1.0000000000000000 
1.0000000000000000 
1.0000000000000000 
1.0000000000000000 
1.0000000000000000 
1.0000000000000000 
1.0000000000000000 
1.0000000000000000 
1.0000000000000000 
1.0000000000000000 
1.0000000000000000 
1.0000000000000000 
1.0000000000000000 
1.0000000000000000 
1.0000000000000000 
1.0000000000000000 
1.0000000000000000 
1.0000000000000000 
1.0000000000000000 
1.0000000000000000 
1.0000000000000000 
1.0000000000000000 
1.0000000000000000 
1.0000000000000000 
1.0000000000000000 
1.0000000000000000 
1.0000000000000000 
1.0000000000000000 
1.0000000000000000 
1.0000000000000000 
1.0000000000000000 
0.8872785703888675 
1.0000000000000000 
1.0000000000000000 
1.0000000000000000 
1.0000000000000000 
1.0000000000000000 
1.0000000000000000 
1.0000000000000000 
1.0000000000000000 
1.0000000000000000 
1.0000000000000000 
1.0000000000000000 
1.0000000000000000 
1.0000000000000000 
1.0000000000000000 
1.0000000000000000 
1.0000000000000000 
1.0000000000000000 
1.0000000000000000 
1.0000000000000000 
1.0000000000000000 
1.0000000000000000 
1.0000000000000000 
1.0000000000000000 
1.0000000000000000 
1.0000000000000000 
1.0000000000000000 
1.0000000000000000 
1.0000000000000000 
1.0000000000000000 
1.0000000000000000 
1.0000000000000000 
1.0000000000000000 
1.0000000000000000 
1.0000000000000000 
1.0000000000000000 
1.0000000000000000 
1.0000000000000000 
1.0000000000000000 
1.0000000000000000 
1.0000000000000000 
1.0000000000000000 
1.0000000000000000 
1.0000000000000000 
0.4328482200226849 
1.0000000000000000 
1.0000000000000000 
1.0000000000000000 
1.0000000000000000 
1.0000000000000000 
1.0000000000000000 
1.0000000000000000 
1.0000000000000000 
1.0000000000000000 
1.0000000000000000 
1.0000000000000000 
1.0000000000000000 
1.0000000000000000 
1.0000000000000000 
1.0000000000000000 
1.0000000000000000 
1.0000000000000000 
1.0000000000000000 
1.0000000000000000 
1.0000000000000000 
1.0000000000000000 
1.0000000000000000 
1.0000000000000000 
1.0000000000000000 
1.0000000000000000 
1.0000000000000000 
1.0000000000000000 
1.0000000000000000 
1.0000000000000000 
1.0000000000000000 
1.0000000000000000 
1.0000000000000000 
1.0000000000000000 
1.0000000000000000 
0.3794759209089238 
1.0000000000000000 
1.0000000000000000 
1.0000000000000000 
1.0000000000000000 
0.9989663490108905 
1.0000000000000000 
1.0000000000000000 
1.0000000000000000 
1.0000000000000000 
1.0000000000000000 
1.0000000000000000 
1.0000000000000000 
1.0000000000000000 
1.0000000000000000 
1.0000000000000000 
1.0000000000000000 
1.0000000000000000 
1.0000000000000000 
1.0000000000000000 
1.0000000000000000 
1.0000000000000000 
1.0000000000000000 
1.0000000000000000 
1.0000000000000000 
1.0000000000000000 
1.0000000000000000 
1.0000000000000000 
1.0000000000000000 
1.0000000000000000 
1.0000000000000000 
1.0000000000000000 
1.0000000000000000 
1.0000000000000000 
1.0000000000000000 
1.0000000000000000 
1.0000000000000000 
1.0000000000000000 
1.0000000000000000 
1.0000000000000000 
1.0000000000000000 
1.0000000000000000 
1.0000000000000000 
1.0000000000000000 
1.0000000000000000 
1.0000000000000000 
1.0000000000000000 
0.2904918901047378 
1.0000000000000000 
1.0000000000000000 
1.0000000000000000 
1.0000000000000000 
1.0000000000000000 
1.0000000000000000 
1.0000000000000000 
1.0000000000000000 
1.0000000000000000 
1.0000000000000000 
1.0000000000000000 
0.9252103364109917 
1.0000000000000000 
1.0000000000000000 
1.0000000000000000 
1.0000000000000000 
1.0000000000000000 
1.0000000000000000 
1.0000000000000000 
1.0000000000000000 
1.0000000000000000 
1.0000000000000000 
1.0000000000000000 
1.0000000000000000 
1.0000000000000000 
1.0000000000000000 
1.0000000000000000 
1.0000000000000000 
1.0000000000000000 
1.0000000000000000 
1.0000000000000000 
1.0000000000000000 
1.0000000000000000 
1.0000000000000000 
1.0000000000000000 
1.0000000000000000 
1.0000000000000000 
1.0000000000000000 
1.0000000000000000 
1.0000000000000000 
1.0000000000000000 
1.0000000000000000 
1.0000000000000000 
1.0000000000000000 
1.0000000000000000 
1.0000000000000000 
1.0000000000000000 
1.0000000000000000 
1.0000000000000000 
1.0000000000000000 
1.0000000000000000 
1.0000000000000000 
1.0000000000000000 
1.0000000000000000 
1.0000000000000000 
1.0000000000000000 
1.0000000000000000 
1.0000000000000000 
1.0000000000000000 
1.0000000000000000 
1.0000000000000000 
1.0000000000000000 
1.0000000000000000 
1.0000000000000000 
1.0000000000000000 
0.1175122285211352 
1.0000000000000000 
1.0000000000000000 
1.0000000000000000 
1.0000000000000000 
1.0000000000000000 
1.0000000000000000 
1.0000000000000000 
1.0000000000000000 
1.0000000000000000 
1.0000000000000000 
1.0000000000000000 
0.4422897532329062 
1.0000000000000000 
1.0000000000000000 
1.0000000000000000 
1.0000000000000000 
1.0000000000000000 
1.0000000000000000 
1.0000000000000000 
1.0000000000000000 
1.0000000000000000 
1.0000000000000000 
1.0000000000000000 
1.0000000000000000 
1.0000000000000000 
1.0000000000000000 
1.0000000000000000 
1.0000000000000000 
1.0000000000000000 
1.0000000000000000 
1.0000000000000000 
1.0000000000000000 
1.0000000000000000 
1.0000000000000000 
1.0000000000000000 
1.0000000000000000 
1.0000000000000000 
1.0000000000000000 
1.0000000000000000 
1.0000000000000000 
1.0000000000000000 
1.0000000000000000 
1.0000000000000000 
1.0000000000000000 
1.0000000000000000 
1.0000000000000000 
1.0000000000000000 
1.0000000000000000 
1.0000000000000000 
1.0000000000000000 
1.0000000000000000 
1.0000000000000000 
1.0000000000000000 
1.0000000000000000 
0.9725957816102119 
1.0000000000000000 
1.0000000000000000 
1.0000000000000000 
1.0000000000000000 
1.0000000000000000 
1.0000000000000000 
1.0000000000000000 
1.0000000000000000 
1.0000000000000000 
1.0000000000000000 
1.0000000000000000 
1.0000000000000000 
1.0000000000000000 
1.0000000000000000 
1.0000000000000000 
1.0000000000000000 
1.0000000000000000 
1.0000000000000000 
1.0000000000000000 
1.0000000000000000 
1.0000000000000000 
0.1187418805317279 
1.0000000000000000 
1.0000000000000000 
1.0000000000000000 
1.0000000000000000 
1.0000000000000000 
1.0000000000000000 
1.0000000000000000 
1.0000000000000000 
1.0000000000000000 
1.0000000000000000 
1.0000000000000000 
1.0000000000000000 
1.0000000000000000 
1.0000000000000000 
1.0000000000000000 
1.0000000000000000 
1.0000000000000000 
1.0000000000000000 
1.0000000000000000 
1.0000000000000000 
1.0000000000000000 
1.0000000000000000 
1.0000000000000000 
1.0000000000000000 
1.0000000000000000 
1.0000000000000000 
1.0000000000000000 
1.0000000000000000 
1.0000000000000000 
1.0000000000000000 
1.0000000000000000 
1.0000000000000000 
1.0000000000000000 
1.0000000000000000 
1.0000000000000000 
1.0000000000000000 
1.0000000000000000 
1.0000000000000000 
1.0000000000000000 
1.0000000000000000 
1.0000000000000000 
1.0000000000000000 
1.0000000000000000 
1.0000000000000000 
1.0000000000000000 
1.0000000000000000 
1.0000000000000000 
1.0000000000000000 
1.0000000000000000 
1.0000000000000000 
1.0000000000000000 
1.0000000000000000 
1.0000000000000000 
1.0000000000000000 
1.0000000000000000 
0.9999467855088192 
1.0000000000000000 
1.0000000000000000 
1.0000000000000000 
1.0000000000000000 
1.0000000000000000 
1.0000000000000000 
1.0000000000000000 
1.0000000000000000 
1.0000000000000000 
1.0000000000000000 
1.0000000000000000 
1.0000000000000000 
1.0000000000000000 
1.0000000000000000 
1.0000000000000000 
1.0000000000000000 
1.0000000000000000 
1.0000000000000000 
1.0000000000000000 
1.0000000000000000 
1.0000000000000000 
1.0000000000000000 
1.0000000000000000 
1.0000000000000000 
1.0000000000000000 
1.0000000000000000 
1.0000000000000000 
1.0000000000000000 
1.0000000000000000 
1.0000000000000000 
1.0000000000000000 
1.0000000000000000 
1.0000000000000000 
1.0000000000000000 
1.0000000000000000 
1.0000000000000000 
1.0000000000000000 
1.0000000000000000 
1.0000000000000000 
1.0000000000000000 
1.0000000000000000 
1.0000000000000000 
1.0000000000000000 
1.0000000000000000 
1.0000000000000000 
1.0000000000000000 
1.0000000000000000 
1.0000000000000000 
1.0000000000000000 
1.0000000000000000 
1.0000000000000000 
1.0000000000000000 
1.0000000000000000 
1.0000000000000000 
1.0000000000000000 
1.0000000000000000 
1.0000000000000000 
1.0000000000000000 
1.0000000000000000 
1.0000000000000000 
1.0000000000000000 
0.5672407447775348 
1.0000000000000000 
1.0000000000000000 
1.0000000000000000 
1.0000000000000000 
1.0000000000000000 
1.0000000000000000 
1.0000000000000000 
1.0000000000000000 
1.0000000000000000 
1.0000000000000000 
1.0000000000000000 
1.0000000000000000 
1.0000000000000000 
1.0000000000000000 
1.0000000000000000 
1.0000000000000000 
1.0000000000000000 
1.0000000000000000 
1.0000000000000000 
1.0000000000000000 
1.0000000000000000 
1.0000000000000000 
1.0000000000000000 
1.0000000000000000 
1.0000000000000000 
1.0000000000000000 
1.0000000000000000 
1.0000000000000000 
1.0000000000000000 
1.0000000000000000 
1.0000000000000000 
1.0000000000000000 
1.0000000000000000 
1.0000000000000000 
1.0000000000000000 
1.0000000000000000 
1.0000000000000000 
1.0000000000000000 
1.0000000000000000 
1.0000000000000000 
1.0000000000000000 
1.0000000000000000 
1.0000000000000000 
1.0000000000000000 
1.0000000000000000 
1.0000000000000000 
1.0000000000000000 
1.0000000000000000 
1.0000000000000000 
1.0000000000000000 
1.0000000000000000 
1.0000000000000000 
1.0000000000000000 
1.0000000000000000 
1.0000000000000000 
1.0000000000000000 
1.0000000000000000 
1.0000000000000000 
1.0000000000000000 
1.0000000000000000 
1.0000000000000000 
1.0000000000000000 
1.0000000000000000 
1.0000000000000000 
1.0000000000000000 
1.0000000000000000 
1.0000000000000000 
1.0000000000000000 
1.0000000000000000 
1.0000000000000000 
1.0000000000000000 
1.0000000000000000 
1.0000000000000000 
1.0000000000000000 
1.0000000000000000 
1.0000000000000000 
1.0000000000000000 
1.0000000000000000 
1.0000000000000000 
1.0000000000000000 
1.0000000000000000 
1.0000000000000000 
1.0000000000000000 
1.0000000000000000 
1.0000000000000000 
1.0000000000000000 
1.0000000000000000 
1.0000000000000000 
1.0000000000000000 
1.0000000000000000 
1.0000000000000000 
1.0000000000000000 
1.0000000000000000 
1.0000000000000000 
1.0000000000000000 
1.0000000000000000 
1.0000000000000000 
1.0000000000000000 
1.0000000000000000 
1.0000000000000000 
1.0000000000000000 
0.3946724763681014 
1.0000000000000000 
1.0000000000000000 
1.0000000000000000 
1.0000000000000000 
1.0000000000000000 
1.0000000000000000 
1.0000000000000000 
1.0000000000000000 
1.0000000000000000 
1.0000000000000000 
1.0000000000000000 
1.0000000000000000 
1.0000000000000000 
1.0000000000000000 
1.0000000000000000 
1.0000000000000000 
1.0000000000000000 
1.0000000000000000 
1.0000000000000000 
1.0000000000000000 
1.0000000000000000 
0.1464295782182609 
1.0000000000000000 
1.0000000000000000 
1.0000000000000000 
1.0000000000000000 
1.0000000000000000 
1.0000000000000000 
1.0000000000000000 
1.0000000000000000 
1.0000000000000000 
1.0000000000000000 
1.0000000000000000 
1.0000000000000000 
1.0000000000000000 
1.0000000000000000 
1.0000000000000000 
1.0000000000000000 
1.0000000000000000 
1.0000000000000000 
1.0000000000000000 
1.0000000000000000 
1.0000000000000000 
1.0000000000000000 
1.0000000000000000 
1.0000000000000000 
1.0000000000000000 
1.0000000000000000 
1.0000000000000000 
1.0000000000000000 
1.0000000000000000 
1.0000000000000000 
1.0000000000000000 
1.0000000000000000 
1.0000000000000000 
1.0000000000000000 
1.0000000000000000 
1.0000000000000000 
1.0000000000000000 
1.0000000000000000 
1.0000000000000000 
1.0000000000000000 
1.0000000000000000 
1.0000000000000000 
1.0000000000000000 
1.0000000000000000 
1.0000000000000000 
1.0000000000000000 
1.0000000000000000 
1.0000000000000000 
1.0000000000000000 
1.0000000000000000 
1.0000000000000000 
1.0000000000000000 
1.0000000000000000 
1.0000000000000000 
1.0000000000000000 
1.0000000000000000 
0.1912456112975840 
1.0000000000000000 
1.0000000000000000 
1.0000000000000000 
1.0000000000000000 
1.0000000000000000 
1.0000000000000000 
1.0000000000000000 
1.0000000000000000 
1.0000000000000000 
1.0000000000000000 
1.0000000000000000 
1.0000000000000000 
1.0000000000000000 
1.0000000000000000 
1.0000000000000000 
1.0000000000000000 
1.0000000000000000 
1.0000000000000000 
1.0000000000000000 
1.0000000000000000 
1.0000000000000000 
1.0000000000000000 
1.0000000000000000 
1.0000000000000000 
1.0000000000000000 
1.0000000000000000 
1.0000000000000000 
1.0000000000000000 
1.0000000000000000 
1.0000000000000000 
1.0000000000000000 
1.0000000000000000 
1.0000000000000000 
1.0000000000000000 
1.0000000000000000 
1.0000000000000000 
1.0000000000000000 
1.0000000000000000 
1.0000000000000000 
1.0000000000000000 
1.0000000000000000 
1.0000000000000000 
1.0000000000000000 
1.0000000000000000 
1.0000000000000000 
1.0000000000000000 
1.0000000000000000 
1.0000000000000000 
1.0000000000000000 
1.0000000000000000 
1.0000000000000000 
1.0000000000000000 
1.0000000000000000 
1.0000000000000000 
1.0000000000000000 
1.0000000000000000 
1.0000000000000000 
1.0000000000000000 
1.0000000000000000 
1.0000000000000000 
1.0000000000000000 
1.0000000000000000 
1.0000000000000000 
1.0000000000000000 
1.0000000000000000 
1.0000000000000000 
0.9958221816751993 
1.0000000000000000 
1.0000000000000000 
1.0000000000000000 
1.0000000000000000 
1.0000000000000000 
1.0000000000000000 
1.0000000000000000 
1.0000000000000000 
1.0000000000000000 
1.0000000000000000 
1.0000000000000000 
1.0000000000000000 
1.0000000000000000 
1.0000000000000000 
1.0000000000000000 
1.0000000000000000 
1.0000000000000000 
1.0000000000000000 
1.0000000000000000 
1.0000000000000000 
0.7769850505088446 
1.0000000000000000 
1.0000000000000000 
1.0000000000000000 
1.0000000000000000 
1.0000000000000000 
1.0000000000000000 
1.0000000000000000 
1.0000000000000000 
1.0000000000000000 
1.0000000000000000 
1.0000000000000000 
1.0000000000000000 
1.0000000000000000 
1.0000000000000000 
1.0000000000000000 
1.0000000000000000 
1.0000000000000000 
0.6850460466717833 
1.0000000000000000 
1.0000000000000000 
1.0000000000000000 
1.0000000000000000 
1.0000000000000000 
1.0000000000000000 
1.0000000000000000 
1.0000000000000000 
1.0000000000000000 
1.0000000000000000 
1.0000000000000000 
1.0000000000000000 
1.0000000000000000 
1.0000000000000000 
1.0000000000000000 
1.0000000000000000 
1.0000000000000000 
1.0000000000000000 
0.0540455326271708 
1.0000000000000000 
1.0000000000000000 
1.0000000000000000 
1.0000000000000000 
1.0000000000000000 
1.0000000000000000 
1.0000000000000000 
1.0000000000000000 
1.0000000000000000 
1.0000000000000000 
1.0000000000000000 
1.0000000000000000 
1.0000000000000000 
1.0000000000000000 
1.0000000000000000 
1.0000000000000000 
1.0000000000000000 
1.0000000000000000 
1.0000000000000000 
1.0000000000000000 
1.0000000000000000 
1.0000000000000000 
1.0000000000000000 
1.0000000000000000 
1.0000000000000000 
1.0000000000000000 
1.0000000000000000 
1.0000000000000000 
1.0000000000000000 
1.0000000000000000 
1.0000000000000000 
1.0000000000000000 
1.0000000000000000 
1.0000000000000000 
1.0000000000000000 
1.0000000000000000 
1.0000000000000000 
1.0000000000000000 
1.0000000000000000 
1.0000000000000000 
1.0000000000000000 
1.0000000000000000 
1.0000000000000000 
1.0000000000000000 
1.0000000000000000 
1.0000000000000000 
1.0000000000000000 
1.0000000000000000 
1.0000000000000000 
1.0000000000000000 
1.0000000000000000 
1.0000000000000000 
1.0000000000000000 
1.0000000000000000 
1.0000000000000000 
1.0000000000000000 
1.0000000000000000 
1.0000000000000000 
1.0000000000000000 
1.0000000000000000 
1.0000000000000000 
1.0000000000000000 
1.0000000000000000 
1.0000000000000000 
1.0000000000000000 
1.0000000000000000 
1.0000000000000000 
1.0000000000000000 
1.0000000000000000 
1.0000000000000000 
1.0000000000000000 
1.0000000000000000 
1.0000000000000000 
1.0000000000000000 
1.0000000000000000 
1.0000000000000000 
1.0000000000000000 
1.0000000000000000 
1.0000000000000000 
1.0000000000000000 
1.0000000000000000 
1.0000000000000000 
1.0000000000000000 
1.0000000000000000 
1.0000000000000000 
1.0000000000000000 
1.0000000000000000 
1.0000000000000000 
1.0000000000000000 
1.0000000000000000 
1.0000000000000000 
1.0000000000000000 
1.0000000000000000 
1.0000000000000000 
1.0000000000000000 
1.0000000000000000 
1.0000000000000000 
1.0000000000000000 
1.0000000000000000 
1.0000000000000000 
1.0000000000000000 
1.0000000000000000 
1.0000000000000000 
1.0000000000000000 
1.0000000000000000 
1.0000000000000000 
1.0000000000000000 
1.0000000000000000 
1.0000000000000000 
1.0000000000000000 
1.0000000000000000 
1.0000000000000000 
1.0000000000000000 
1.0000000000000000 
0.5224890412581916 
1.0000000000000000 
1.0000000000000000 
1.0000000000000000 
1.0000000000000000 
1.0000000000000000 
