1.0000000000000000 
1.0000000000000000 
1.0000000000000000 
1.0000000000000000 
1.0000000000000000 
1.0000000000000000 
1.0000000000000000 
1.0000000000000000 
1.0000000000000000 
1.0000000000000000 
1.0000000000000000 
1.0000000000000000 
1.0000000000000000 
1.0000000000000000 
1.0000000000000000 
1.0000000000000000 
1.0000000000000000 
1.0000000000000000 
1.0000000000000000 
1.0000000000000000 
1.0000000000000000 
1.0000000000000000 
1.0000000000000000 
1.0000000000000000 
1.0000000000000000 
1.0000000000000000 
1.0000000000000000 
1.0000000000000000 
1.0000000000000000 
1.0000000000000000 
1.0000000000000000 
1.0000000000000000 
1.0000000000000000 
1.0000000000000000 
1.0000000000000000 
1.0000000000000000 
1.0000000000000000 
1.0000000000000000 
1.0000000000000000 
1.0000000000000000 
1.0000000000000000 
1.0000000000000000 
1.0000000000000000 
1.0000000000000000 
1.0000000000000000 
1.0000000000000000 
1.0000000000000000 
1.0000000000000000 
1.0000000000000000 
1.0000000000000000 
1.0000000000000000 
1.0000000000000000 
1.0000000000000000 
1.0000000000000000 
1.0000000000000000 
1.0000000000000000 
1.0000000000000000 
1.0000000000000000 
1.0000000000000000 
1.0000000000000000 
1.0000000000000000 
1.0000000000000000 
1.0000000000000000 
1.0000000000000000 
1.0000000000000000 
1.0000000000000000 
1.0000000000000000 
1.0000000000000000 
1.0000000000000000 
1.0000000000000000 
1.0000000000000000 
1.0000000000000000 
1.0000000000000000 
1.0000000000000000 
1.0000000000000000 
1.0000000000000000 
1.0000000000000000 
1.0000000000000000 
1.0000000000000000 
1.0000000000000000 
1.0000000000000000 
1.0000000000000000 
1.0000000000000000 
0.9593712267549190 
1.0000000000000000 
1.0000000000000000 
1.0000000000000000 
1.0000000000000000 
1.0000000000000000 
1.0000000000000000 
1.0000000000000000 
1.0000000000000000 
1.0000000000000000 
1.0000000000000000 
1.0000000000000000 
1.0000000000000000 
1.0000000000000000 
1.0000000000000000 
1.0000000000000000 
0.2390438226686581 
1.0000000000000000 
1.0000000000000000 
1.0000000000000000 
1.0000000000000000 
1.0000000000000000 
1.0000000000000000 
1.0000000000000000 
1.0000000000000000 
1.0000000000000000 
1.0000000000000000 
1.0000000000000000 
1.0000000000000000 
1.0000000000000000 
1.0000000000000000 
1.0000000000000000 
1.0000000000000000 
1.0000000000000000 
1.0000000000000000 
1.0000000000000000 
1.0000000000000000 
1.0000000000000000 
1.0000000000000000 
1.0000000000000000 
1.0000000000000000 
1.0000000000000000 
1.0000000000000000 
1.0000000000000000 
1.0000000000000000 
1.0000000000000000 
1.0000000000000000 
1.0000000000000000 
1.0000000000000000 
1.0000000000000000 
1.0000000000000000 
1.0000000000000000 
1.0000000000000000 
1.0000000000000000 
1.0000000000000000 
1.0000000000000000 
1.0000000000000000 
1.0000000000000000 
1.0000000000000000 
1.0000000000000000 
1.0000000000000000 
1.0000000000000000 
1.0000000000000000 
1.0000000000000000 
1.0000000000000000 
1.0000000000000000 
1.0000000000000000 
1.0000000000000000 
1.0000000000000000 
1.0000000000000000 
1.0000000000000000 
1.0000000000000000 
1.0000000000000000 
1.0000000000000000 
1.0000000000000000 
1.0000000000000000 
1.0000000000000000 
1.0000000000000000 
1.0000000000000000 
1.0000000000000000 
1.0000000000000000 
1.0000000000000000 
1.0000000000000000 
1.0000000000000000 
1.0000000000000000 
1.0000000000000000 
1.0000000000000000 
1.0000000000000000 
1.0000000000000000 
1.0000000000000000 
1.0000000000000000 
1.0000000000000000 
1.0000000000000000 
1.0000000000000000 
1.0000000000000000 
1.0000000000000000 
0.2813649963348412 
1.0000000000000000 
1.0000000000000000 
1.0000000000000000 
1.0000000000000000 
1.0000000000000000 
1.0000000000000000 
1.0000000000000000 
1.0000000000000000 
1.0000000000000000 
1.0000000000000000 
1.0000000000000000 
1.0000000000000000 
1.0000000000000000 
1.0000000000000000 
1.0000000000000000 
1.0000000000000000 
1.0000000000000000 
1.0000000000000000 
1.0000000000000000 
1.0000000000000000 
1.0000000000000000 
1.0000000000000000 
1.0000000000000000 
1.0000000000000000 
1.0000000000000000 
1.0000000000000000 
1.0000000000000000 
1.0000000000000000 
1.0000000000000000 
1.0000000000000000 
1.0000000000000000 
1.0000000000000000 
1.0000000000000000 
1.0000000000000000 
1.0000000000000000 
1.0000000000000000 
1.0000000000000000 
1.0000000000000000 
1.0000000000000000 
1.0000000000000000 
1.0000000000000000 
1.0000000000000000 
1.0000000000000000 
1.0000000000000000 
1.0000000000000000 
1.0000000000000000 
1.0000000000000000 
1.0000000000000000 
1.0000000000000000 
1.0000000000000000 
1.0000000000000000 
1.0000000000000000 
1.0000000000000000 
1.0000000000000000 
1.0000000000000000 
1.0000000000000000 
1.0000000000000000 
1.0000000000000000 
1.0000000000000000 
1.0000000000000000 
1.0000000000000000 
1.0000000000000000 
1.0000000000000000 
1.0000000000000000 
1.0000000000000000 
1.0000000000000000 
1.0000000000000000 
1.0000000000000000 
1.0000000000000000 
1.0000000000000000 
1.0000000000000000 
1.0000000000000000 
1.0000000000000000 
1.0000000000000000 
1.0000000000000000 
1.0000000000000000 
1.0000000000000000 
1.0000000000000000 
1.0000000000000000 
1.0000000000000000 
1.0000000000000000 
1.0000000000000000 
1.0000000000000000 
1.0000000000000000 
1.0000000000000000 
1.0000000000000000 
1.0000000000000000 
1.0000000000000000 
1.0000000000000000 
1.0000000000000000 
1.0000000000000000 
1.0000000000000000 
1.0000000000000000 
1.0000000000000000 
1.0000000000000000 
1.0000000000000000 
1.0000000000000000 
1.0000000000000000 
1.0000000000000000 
1.0000000000000000 
1.0000000000000000 
1.0000000000000000 
1.0000000000000000 
1.0000000000000000 
1.0000000000000000 
1.0000000000000000 
1.0000000000000000 
1.0000000000000000 
1.0000000000000000 
1.0000000000000000 
0.9312749765383753 
1.0000000000000000 
1.0000000000000000 
1.0000000000000000 
1.0000000000000000 
1.0000000000000000 
1.0000000000000000 
1.0000000000000000 
1.0000000000000000 
1.0000000000000000 
1.0000000000000000 
1.0000000000000000 
1.0000000000000000 
1.0000000000000000 
1.0000000000000000 
1.0000000000000000 
1.0000000000000000 
1.0000000000000000 
1.0000000000000000 
1.0000000000000000 
1.0000000000000000 
1.0000000000000000 
1.0000000000000000 
1.0000000000000000 
1.0000000000000000 
1.0000000000000000 
1.0000000000000000 
1.0000000000000000 
1.0000000000000000 
1.0000000000000000 
1.0000000000000000 
1.0000000000000000 
1.0000000000000000 
1.0000000000000000 
1.0000000000000000 
1.0000000000000000 
1.0000000000000000 
1.0000000000000000 
1.0000000000000000 
1.0000000000000000 
1.0000000000000000 
1.0000000000000000 
1.0000000000000000 
1.0000000000000000 
1.0000000000000000 
1.0000000000000000 
1.0000000000000000 
1.0000000000000000 
1.0000000000000000 
1.0000000000000000 
1.0000000000000000 
1.0000000000000000 
1.0000000000000000 
1.0000000000000000 
1.0000000000000000 
1.0000000000000000 
1.0000000000000000 
1.0000000000000000 
1.0000000000000000 
1.0000000000000000 
1.0000000000000000 
1.0000000000000000 
1.0000000000000000 
1.0000000000000000 
1.0000000000000000 
1.0000000000000000 
1.0000000000000000 
1.0000000000000000 
1.0000000000000000 
1.0000000000000000 
0.1277603157972207 
1.0000000000000000 
1.0000000000000000 
1.0000000000000000 
1.0000000000000000 
1.0000000000000000 
1.0000000000000000 
1.0000000000000000 
1.0000000000000000 
1.0000000000000000 
1.0000000000000000 
1.0000000000000000 
1.0000000000000000 
1.0000000000000000 
0.1102775134569178 
1.0000000000000000 
1.0000000000000000 
1.0000000000000000 
1.0000000000000000 
1.0000000000000000 
1.0000000000000000 
1.0000000000000000 
1.0000000000000000 
1.0000000000000000 
1.0000000000000000 
1.0000000000000000 
1.0000000000000000 
1.0000000000000000 
1.0000000000000000 
1.0000000000000000 
1.0000000000000000 
1.0000000000000000 
1.0000000000000000 
1.0000000000000000 
1.0000000000000000 
1.0000000000000000 
1.0000000000000000 
1.0000000000000000 
1.0000000000000000 
1.0000000000000000 
1.0000000000000000 
1.0000000000000000 
1.0000000000000000 
1.0000000000000000 
1.0000000000000000 
1.0000000000000000 
1.0000000000000000 
1.0000000000000000 
1.0000000000000000 
1.0000000000000000 
1.0000000000000000 
1.0000000000000000 
1.0000000000000000 
1.0000000000000000 
1.0000000000000000 
1.0000000000000000 
1.0000000000000000 
1.0000000000000000 
1.0000000000000000 
1.0000000000000000 
1.0000000000000000 
1.0000000000000000 
1.0000000000000000 
1.0000000000000000 
1.0000000000000000 
1.0000000000000000 
1.0000000000000000 
1.0000000000000000 
1.0000000000000000 
1.0000000000000000 
1.0000000000000000 
1.0000000000000000 
1.0000000000000000 
1.0000000000000000 
1.0000000000000000 
1.0000000000000000 
1.0000000000000000 
1.0000000000000000 
1.0000000000000000 
1.0000000000000000 
1.0000000000000000 
1.0000000000000000 
1.0000000000000000 
1.0000000000000000 
1.0000000000000000 
1.0000000000000000 
1.0000000000000000 
1.0000000000000000 
1.0000000000000000 
1.0000000000000000 
1.0000000000000000 
1.0000000000000000 
1.0000000000000000 
1.0000000000000000 
1.0000000000000000 
1.0000000000000000 
1.0000000000000000 
1.0000000000000000 
1.0000000000000000 
1.0000000000000000 
1.0000000000000000 
1.0000000000000000 
1.0000000000000000 
0.4269082559572987 
1.0000000000000000 
1.0000000000000000 
1.0000000000000000 
1.0000000000000000 
1.0000000000000000 
1.0000000000000000 
1.0000000000000000 
1.0000000000000000 
1.0000000000000000 
1.0000000000000000 
1.0000000000000000 
1.0000000000000000 
1.0000000000000000 
1.0000000000000000 
1.0000000000000000 
1.0000000000000000 
1.0000000000000000 
1.0000000000000000 
1.0000000000000000 
1.0000000000000000 
1.0000000000000000 
1.0000000000000000 
1.0000000000000000 
1.0000000000000000 
1.0000000000000000 
1.0000000000000000 
1.0000000000000000 
1.0000000000000000 
1.0000000000000000 
1.0000000000000000 
1.0000000000000000 
1.0000000000000000 
1.0000000000000000 
1.0000000000000000 
1.0000000000000000 
1.0000000000000000 
1.0000000000000000 
1.0000000000000000 
1.0000000000000000 
1.0000000000000000 
1.0000000000000000 
1.0000000000000000 
1.0000000000000000 
1.0000000000000000 
1.0000000000000000 
1.0000000000000000 
1.0000000000000000 
1.0000000000000000 
1.0000000000000000 
1.0000000000000000 
1.0000000000000000 
1.0000000000000000 
1.0000000000000000 
1.0000000000000000 
1.0000000000000000 
1.0000000000000000 
1.0000000000000000 
1.0000000000000000 
1.0000000000000000 
1.0000000000000000 
1.0000000000000000 
1.0000000000000000 
1.0000000000000000 
1.0000000000000000 
1.0000000000000000 
1.0000000000000000 
1.0000000000000000 
1.0000000000000000 
1.0000000000000000 
1.0000000000000000 
1.0000000000000000 
1.0000000000000000 
1.0000000000000000 
1.0000000000000000 
1.0000000000000000 
1.0000000000000000 
1.0000000000000000 
1.0000000000000000 
1.0000000000000000 
1.0000000000000000 
1.0000000000000000 
1.0000000000000000 
1.0000000000000000 
1.0000000000000000 
1.0000000000000000 
1.0000000000000000 
1.0000000000000000 
0.4713925814996203 
1.0000000000000000 
1.0000000000000000 
1.0000000000000000 
1.0000000000000000 
1.0000000000000000 
1.0000000000000000 
1.0000000000000000 
1.0000000000000000 
1.0000000000000000 
1.0000000000000000 
1.0000000000000000 
1.0000000000000000 
1.0000000000000000 
1.0000000000000000 
1.0000000000000000 
1.0000000000000000 
1.0000000000000000 
1.0000000000000000 
1.0000000000000000 
1.0000000000000000 
1.0000000000000000 
1.0000000000000000 
1.0000000000000000 
1.0000000000000000 
1.0000000000000000 
1.0000000000000000 
1.0000000000000000 
1.0000000000000000 
1.0000000000000000 
1.0000000000000000 
1.0000000000000000 
1.0000000000000000 
1.0000000000000000 
1.0000000000000000 
1.0000000000000000 
1.0000000000000000 
1.0000000000000000 
1.0000000000000000 
1.0000000000000000 
1.0000000000000000 
1.0000000000000000 
1.0000000000000000 
1.0000000000000000 
1.0000000000000000 
1.0000000000000000 
1.0000000000000000 
1.0000000000000000 
0.9079237863667806 
1.0000000000000000 
1.0000000000000000 
1.0000000000000000 
1.0000000000000000 
1.0000000000000000 
1.0000000000000000 
1.0000000000000000 
1.0000000000000000 
1.0000000000000000 
1.0000000000000000 
1.0000000000000000 
1.0000000000000000 
1.0000000000000000 
1.0000000000000000 
1.0000000000000000 
1.0000000000000000 
1.0000000000000000 
1.0000000000000000 
1.0000000000000000 
1.0000000000000000 
1.0000000000000000 
1.0000000000000000 
1.0000000000000000 
1.0000000000000000 
0.8348765106846414 
1.0000000000000000 
1.0000000000000000 
1.0000000000000000 
1.0000000000000000 
1.0000000000000000 
1.0000000000000000 
1.0000000000000000 
1.0000000000000000 
1.0000000000000000 
1.0000000000000000 
1.0000000000000000 
1.0000000000000000 
1.0000000000000000 
1.0000000000000000 
1.0000000000000000 
1.0000000000000000 
1.0000000000000000 
1.0000000000000000 
1.0000000000000000 
1.0000000000000000 
1.0000000000000000 
1.0000000000000000 
1.0000000000000000 
1.0000000000000000 
1.0000000000000000 
1.0000000000000000 
1.0000000000000000 
1.0000000000000000 
1.0000000000000000 
1.0000000000000000 
1.0000000000000000 
1.0000000000000000 
1.0000000000000000 
1.0000000000000000 
1.0000000000000000 
1.0000000000000000 
1.0000000000000000 
1.0000000000000000 
1.0000000000000000 
1.0000000000000000 
1.0000000000000000 
1.0000000000000000 
0.6278259403944659 
1.0000000000000000 
1.0000000000000000 
1.0000000000000000 
1.0000000000000000 
1.0000000000000000 
1.0000000000000000 
1.0000000000000000 
1.0000000000000000 
1.0000000000000000 
1.0000000000000000 
1.0000000000000000 
1.0000000000000000 
1.0000000000000000 
1.0000000000000000 
1.0000000000000000 
1.0000000000000000 
1.0000000000000000 
1.0000000000000000 
1.0000000000000000 
1.0000000000000000 
1.0000000000000000 
1.0000000000000000 
1.0000000000000000 
1.0000000000000000 
1.0000000000000000 
1.0000000000000000 
1.0000000000000000 
1.0000000000000000 
1.0000000000000000 
1.0000000000000000 
1.0000000000000000 
1.0000000000000000 
1.0000000000000000 
1.0000000000000000 
1.0000000000000000 
1.0000000000000000 
1.0000000000000000 
1.0000000000000000 
1.0000000000000000 
1.0000000000000000 
0.5262291784346865 
1.0000000000000000 
1.0000000000000000 
1.0000000000000000 
1.0000000000000000 
0.9479101121404330 
1.0000000000000000 
1.0000000000000000 
1.0000000000000000 
1.0000000000000000 
1.0000000000000000 
1.0000000000000000 
1.0000000000000000 
1.0000000000000000 
1.0000000000000000 
1.0000000000000000 
1.0000000000000000 
1.0000000000000000 
1.0000000000000000 
1.0000000000000000 
0.3859572540366645 
1.0000000000000000 
1.0000000000000000 
1.0000000000000000 
1.0000000000000000 
1.0000000000000000 
1.0000000000000000 
1.0000000000000000 
1.0000000000000000 
1.0000000000000000 
1.0000000000000000 
1.0000000000000000 
1.0000000000000000 
1.0000000000000000 
1.0000000000000000 
1.0000000000000000 
1.0000000000000000 
1.0000000000000000 
1.0000000000000000 
1.0000000000000000 
1.0000000000000000 
1.0000000000000000 
1.0000000000000000 
1.0000000000000000 
1.0000000000000000 
1.0000000000000000 
1.0000000000000000 
1.0000000000000000 
1.0000000000000000 
1.0000000000000000 
1.0000000000000000 
1.0000000000000000 
1.0000000000000000 
1.0000000000000000 
1.0000000000000000 
1.0000000000000000 
1.0000000000000000 
1.0000000000000000 
1.0000000000000000 
1.0000000000000000 
1.0000000000000000 
1.0000000000000000 
1.0000000000000000 
1.0000000000000000 
1.0000000000000000 
1.0000000000000000 
1.0000000000000000 
1.0000000000000000 
1.0000000000000000 
1.0000000000000000 
1.0000000000000000 
1.0000000000000000 
1.0000000000000000 
1.0000000000000000 
1.0000000000000000 
1.0000000000000000 
1.0000000000000000 
1.0000000000000000 
1.0000000000000000 
1.0000000000000000 
1.0000000000000000 
1.0000000000000000 
1.0000000000000000 
1.0000000000000000 
1.0000000000000000 
1.0000000000000000 
1.0000000000000000 
1.0000000000000000 
1.0000000000000000 
1.0000000000000000 
1.0000000000000000 
1.0000000000000000 
1.0000000000000000 
1.0000000000000000 
1.0000000000000000 
1.0000000000000000 
1.0000000000000000 
1.0000000000000000 
1.0000000000000000 
1.0000000000000000 
1.0000000000000000 
1.0000000000000000 
1.0000000000000000 
1.0000000000000000 
1.0000000000000000 
1.0000000000000000 
1.0000000000000000 
1.0000000000000000 
1.0000000000000000 
1.0000000000000000 
1.0000000000000000 
1.0000000000000000 
1.0000000000000000 
1.0000000000000000 
1.0000000000000000 
1.0000000000000000 
1.0000000000000000 
1.0000000000000000 
1.0000000000000000 
1.0000000000000000 
1.0000000000000000 
1.0000000000000000 
1.0000000000000000 
1.0000000000000000 
1.0000000000000000 
0.5914497299707169 
1.0000000000000000 
1.0000000000000000 
1.0000000000000000 
1.0000000000000000 
1.0000000000000000 
1.0000000000000000 
1.0000000000000000 
1.0000000000000000 
1.0000000000000000 
1.0000000000000000 
1.0000000000000000 
1.0000000000000000 
1.0000000000000000 
1.0000000000000000 
1.0000000000000000 
1.0000000000000000 
1.0000000000000000 
1.0000000000000000 
1.0000000000000000 
1.0000000000000000 
1.0000000000000000 
1.0000000000000000 
1.0000000000000000 
1.0000000000000000 
1.0000000000000000 
1.0000000000000000 
1.0000000000000000 
1.0000000000000000 
1.0000000000000000 
1.0000000000000000 
1.0000000000000000 
1.0000000000000000 
1.0000000000000000 
1.0000000000000000 
1.0000000000000000 
1.0000000000000000 
1.0000000000000000 
1.0000000000000000 
1.0000000000000000 
1.0000000000000000 
1.0000000000000000 
1.0000000000000000 
1.0000000000000000 
1.0000000000000000 
1.0000000000000000 
1.0000000000000000 
1.0000000000000000 
1.0000000000000000 
1.0000000000000000 
1.0000000000000000 
1.0000000000000000 
1.0000000000000000 
1.0000000000000000 
1.0000000000000000 
1.0000000000000000 
1.0000000000000000 
1.0000000000000000 
1.0000000000000000 
1.0000000000000000 
1.0000000000000000 
0.3241375018143973 
1.0000000000000000 
1.0000000000000000 
1.0000000000000000 
1.0000000000000000 
1.0000000000000000 
1.0000000000000000 
1.0000000000000000 
1.0000000000000000 
1.0000000000000000 
1.0000000000000000 
1.0000000000000000 
1.0000000000000000 
1.0000000000000000 
1.0000000000000000 
0.7338862361483555 
1.0000000000000000 
1.0000000000000000 
1.0000000000000000 
1.0000000000000000 
1.0000000000000000 
1.0000000000000000 
1.0000000000000000 
1.0000000000000000 
1.0000000000000000 
1.0000000000000000 
1.0000000000000000 
1.0000000000000000 
1.0000000000000000 
1.0000000000000000 
1.0000000000000000 
1.0000000000000000 
1.0000000000000000 
1.0000000000000000 
1.0000000000000000 
1.0000000000000000 
1.0000000000000000 
1.0000000000000000 
1.0000000000000000 
1.0000000000000000 
1.0000000000000000 
1.0000000000000000 
1.0000000000000000 
1.0000000000000000 
1.0000000000000000 
1.0000000000000000 
1.0000000000000000 
1.0000000000000000 
1.0000000000000000 
1.0000000000000000 
1.0000000000000000 
1.0000000000000000 
1.0000000000000000 
1.0000000000000000 
1.0000000000000000 
1.0000000000000000 
1.0000000000000000 
0.1593569123521241 
1.0000000000000000 
1.0000000000000000 
1.0000000000000000 
1.0000000000000000 
1.0000000000000000 
1.0000000000000000 
1.0000000000000000 
1.0000000000000000 
1.0000000000000000 
1.0000000000000000 
1.0000000000000000 
1.0000000000000000 
1.0000000000000000 
1.0000000000000000 
1.0000000000000000 
1.0000000000000000 
1.0000000000000000 
1.0000000000000000 
1.0000000000000000 
1.0000000000000000 
1.0000000000000000 
1.0000000000000000 
1.0000000000000000 
1.0000000000000000 
1.0000000000000000 
1.0000000000000000 
1.0000000000000000 
1.0000000000000000 
1.0000000000000000 
1.0000000000000000 
1.0000000000000000 
1.0000000000000000 
1.0000000000000000 
1.0000000000000000 
1.0000000000000000 
1.0000000000000000 
1.0000000000000000 
1.0000000000000000 
1.0000000000000000 
1.0000000000000000 
1.0000000000000000 
1.0000000000000000 
1.0000000000000000 
1.0000000000000000 
1.0000000000000000 
1.0000000000000000 
1.0000000000000000 
1.0000000000000000 
1.0000000000000000 
1.0000000000000000 
1.0000000000000000 
1.0000000000000000 
1.0000000000000000 
1.0000000000000000 
1.0000000000000000 
1.0000000000000000 
1.0000000000000000 
1.0000000000000000 
1.0000000000000000 
1.0000000000000000 
1.0000000000000000 
1.0000000000000000 
1.0000000000000000 
1.0000000000000000 
1.0000000000000000 
1.0000000000000000 
1.0000000000000000 
1.0000000000000000 
1.0000000000000000 
1.0000000000000000 
1.0000000000000000 
1.0000000000000000 
1.0000000000000000 
1.0000000000000000 
1.0000000000000000 
1.0000000000000000 
1.0000000000000000 
1.0000000000000000 
1.0000000000000000 
1.0000000000000000 
1.0000000000000000 
1.0000000000000000 
1.0000000000000000 
1.0000000000000000 
1.0000000000000000 
1.0000000000000000 
1.0000000000000000 
1.0000000000000000 
1.0000000000000000 
1.0000000000000000 
1.0000000000000000 
1.0000000000000000 
1.0000000000000000 
1.0000000000000000 
1.0000000000000000 
1.0000000000000000 
1.0000000000000000 
1.0000000000000000 
1.0000000000000000 
1.0000000000000000 
1.0000000000000000 
1.0000000000000000 
1.0000000000000000 
1.0000000000000000 
1.0000000000000000 
1.0000000000000000 
1.0000000000000000 
1.0000000000000000 
1.0000000000000000 
1.0000000000000000 
1.0000000000000000 
1.0000000000000000 
1.0000000000000000 
1.0000000000000000 
1.0000000000000000 
1.0000000000000000 
1.0000000000000000 
1.0000000000000000 
1.0000000000000000 
1.0000000000000000 
1.0000000000000000 
0.0016520875489675 
1.0000000000000000 
1.0000000000000000 
1.0000000000000000 
1.0000000000000000 
1.0000000000000000 
1.0000000000000000 
1.0000000000000000 
1.0000000000000000 
1.0000000000000000 
1.0000000000000000 
1.0000000000000000 
1.0000000000000000 
1.0000000000000000 
1.0000000000000000 
1.0000000000000000 
1.0000000000000000 
1.0000000000000000 
1.0000000000000000 
1.0000000000000000 
1.0000000000000000 
1.0000000000000000 
1.0000000000000000 
1.0000000000000000 
1.0000000000000000 
1.0000000000000000 
1.0000000000000000 
1.0000000000000000 
1.0000000000000000 
1.0000000000000000 
1.0000000000000000 
0.0239757121847889 
1.0000000000000000 
1.0000000000000000 
1.0000000000000000 
1.0000000000000000 
1.0000000000000000 
1.0000000000000000 
1.0000000000000000 
1.0000000000000000 
1.0000000000000000 
1.0000000000000000 
1.0000000000000000 
1.0000000000000000 
1.0000000000000000 
1.0000000000000000 
1.0000000000000000 
1.0000000000000000 
1.0000000000000000 
1.0000000000000000 
1.0000000000000000 
1.0000000000000000 
1.0000000000000000 
1.0000000000000000 
1.0000000000000000 
1.0000000000000000 
1.0000000000000000 
1.0000000000000000 
1.0000000000000000 
1.0000000000000000 
1.0000000000000000 
1.0000000000000000 
1.0000000000000000 
1.0000000000000000 
1.0000000000000000 
1.0000000000000000 
1.0000000000000000 
1.0000000000000000 
1.0000000000000000 
1.0000000000000000 
1.0000000000000000 
1.0000000000000000 
1.0000000000000000 
1.0000000000000000 
1.0000000000000000 
1.0000000000000000 
1.0000000000000000 
1.0000000000000000 
1.0000000000000000 
1.0000000000000000 
1.0000000000000000 
1.0000000000000000 
1.0000000000000000 
1.0000000000000000 
1.0000000000000000 
1.0000000000000000 
1.0000000000000000 
1.0000000000000000 
1.0000000000000000 
1.0000000000000000 
1.0000000000000000 
1.0000000000000000 
1.0000000000000000 
1.0000000000000000 
1.0000000000000000 
1.0000000000000000 
1.0000000000000000 
1.0000000000000000 
1.0000000000000000 
1.0000000000000000 
1.0000000000000000 
1.0000000000000000 
0.1790692183578552 
1.0000000000000000 
1.0000000000000000 
1.0000000000000000 
1.0000000000000000 
1.0000000000000000 
1.0000000000000000 
1.0000000000000000 
1.0000000000000000 
1.0000000000000000 
1.0000000000000000 
1.0000000000000000 
1.0000000000000000 
1.0000000000000000 
1.0000000000000000 
1.0000000000000000 
1.0000000000000000 
1.0000000000000000 
1.0000000000000000 
1.0000000000000000 
1.0000000000000000 
1.0000000000000000 
1.0000000000000000 
1.0000000000000000 
1.0000000000000000 
1.0000000000000000 
1.0000000000000000 
0.2476381379044756 
1.0000000000000000 
1.0000000000000000 
1.0000000000000000 
1.0000000000000000 
1.0000000000000000 
1.0000000000000000 
1.0000000000000000 
1.0000000000000000 
1.0000000000000000 
1.0000000000000000 
1.0000000000000000 
1.0000000000000000 
0.5913689135434936 
1.0000000000000000 
1.0000000000000000 
1.0000000000000000 
0.1549927708633657 
1.0000000000000000 
1.0000000000000000 
1.0000000000000000 
1.0000000000000000 
1.0000000000000000 
1.0000000000000000 
1.0000000000000000 
1.0000000000000000 
1.0000000000000000 
1.0000000000000000 
1.0000000000000000 
1.0000000000000000 
1.0000000000000000 
1.0000000000000000 
1.0000000000000000 
1.0000000000000000 
1.0000000000000000 
1.0000000000000000 
1.0000000000000000 
1.0000000000000000 
1.0000000000000000 
1.0000000000000000 
1.0000000000000000 
1.0000000000000000 
1.0000000000000000 
1.0000000000000000 
1.0000000000000000 
1.0000000000000000 
1.0000000000000000 
1.0000000000000000 
1.0000000000000000 
1.0000000000000000 
1.0000000000000000 
1.0000000000000000 
1.0000000000000000 
1.0000000000000000 
1.0000000000000000 
1.0000000000000000 
1.0000000000000000 
1.0000000000000000 
1.0000000000000000 
1.0000000000000000 
1.0000000000000000 
1.0000000000000000 
1.0000000000000000 
1.0000000000000000 
1.0000000000000000 
1.0000000000000000 
1.0000000000000000 
1.0000000000000000 
1.0000000000000000 
1.0000000000000000 
1.0000000000000000 
1.0000000000000000 
1.0000000000000000 
1.0000000000000000 
1.0000000000000000 
1.0000000000000000 
1.0000000000000000 
1.0000000000000000 
1.0000000000000000 
1.0000000000000000 
1.0000000000000000 
1.0000000000000000 
1.0000000000000000 
1.0000000000000000 
1.0000000000000000 
1.0000000000000000 
1.0000000000000000 
1.0000000000000000 
1.0000000000000000 
1.0000000000000000 
1.0000000000000000 
1.0000000000000000 
1.0000000000000000 
1.0000000000000000 
1.0000000000000000 
1.0000000000000000 
1.0000000000000000 
1.0000000000000000 
1.0000000000000000 
1.0000000000000000 
1.0000000000000000 
1.0000000000000000 
1.0000000000000000 
1.0000000000000000 
1.0000000000000000 
1.0000000000000000 
1.0000000000000000 
1.0000000000000000 
1.0000000000000000 
1.0000000000000000 
1.0000000000000000 
1.0000000000000000 
1.0000000000000000 
1.0000000000000000 
1.0000000000000000 
1.0000000000000000 
1.0000000000000000 
1.0000000000000000 
1.0000000000000000 
1.0000000000000000 
1.0000000000000000 
1.0000000000000000 
1.0000000000000000 
1.0000000000000000 
1.0000000000000000 
1.0000000000000000 
1.0000000000000000 
1.0000000000000000 
1.0000000000000000 
1.0000000000000000 
1.0000000000000000 
1.0000000000000000 
1.0000000000000000 
1.0000000000000000 
1.0000000000000000 
1.0000000000000000 
1.0000000000000000 
1.0000000000000000 
1.0000000000000000 
1.0000000000000000 
1.0000000000000000 
1.0000000000000000 
1.0000000000000000 
1.0000000000000000 
1.0000000000000000 
1.0000000000000000 
1.0000000000000000 
1.0000000000000000 
1.0000000000000000 
1.0000000000000000 
1.0000000000000000 
1.0000000000000000 
1.0000000000000000 
1.0000000000000000 
1.0000000000000000 
1.0000000000000000 
1.0000000000000000 
1.0000000000000000 
1.0000000000000000 
1.0000000000000000 
1.0000000000000000 
1.0000000000000000 
1.0000000000000000 
1.0000000000000000 
1.0000000000000000 
1.0000000000000000 
1.0000000000000000 
1.0000000000000000 
1.0000000000000000 
1.0000000000000000 
1.0000000000000000 
1.0000000000000000 
1.0000000000000000 
0.6106617680998944 
1.0000000000000000 
1.0000000000000000 
1.0000000000000000 
1.0000000000000000 
1.0000000000000000 
1.0000000000000000 
1.0000000000000000 
1.0000000000000000 
1.0000000000000000 
1.0000000000000000 
1.0000000000000000 
1.0000000000000000 
1.0000000000000000 
1.0000000000000000 
1.0000000000000000 
1.0000000000000000 
1.0000000000000000 
1.0000000000000000 
1.0000000000000000 
1.0000000000000000 
1.0000000000000000 
1.0000000000000000 
1.0000000000000000 
1.0000000000000000 
1.0000000000000000 
1.0000000000000000 
1.0000000000000000 
1.0000000000000000 
1.0000000000000000 
1.0000000000000000 
1.0000000000000000 
1.0000000000000000 
1.0000000000000000 
1.0000000000000000 
1.0000000000000000 
1.0000000000000000 
1.0000000000000000 
1.0000000000000000 
1.0000000000000000 
1.0000000000000000 
1.0000000000000000 
1.0000000000000000 
1.0000000000000000 
1.0000000000000000 
1.0000000000000000 
1.0000000000000000 
1.0000000000000000 
1.0000000000000000 
1.0000000000000000 
1.0000000000000000 
1.0000000000000000 
1.0000000000000000 
1.0000000000000000 
1.0000000000000000 
1.0000000000000000 
1.0000000000000000 
1.0000000000000000 
1.0000000000000000 
1.0000000000000000 
1.0000000000000000 
1.0000000000000000 
1.0000000000000000 
1.0000000000000000 
1.0000000000000000 
1.0000000000000000 
1.0000000000000000 
1.0000000000000000 
0.2468642620378025 
1.0000000000000000 
1.0000000000000000 
1.0000000000000000 
1.0000000000000000 
1.0000000000000000 
1.0000000000000000 
1.0000000000000000 
1.0000000000000000 
1.0000000000000000 
1.0000000000000000 
1.0000000000000000 
1.0000000000000000 
1.0000000000000000 
1.0000000000000000 
1.0000000000000000 
1.0000000000000000 
1.0000000000000000 
1.0000000000000000 
1.0000000000000000 
1.0000000000000000 
1.0000000000000000 
1.0000000000000000 
1.0000000000000000 
1.0000000000000000 
1.0000000000000000 
1.0000000000000000 
1.0000000000000000 
1.0000000000000000 
1.0000000000000000 
1.0000000000000000 
1.0000000000000000 
1.0000000000000000 
1.0000000000000000 
1.0000000000000000 
1.0000000000000000 
1.0000000000000000 
1.0000000000000000 
1.0000000000000000 
1.0000000000000000 
1.0000000000000000 
1.0000000000000000 
1.0000000000000000 
1.0000000000000000 
1.0000000000000000 
1.0000000000000000 
1.0000000000000000 
1.0000000000000000 
1.0000000000000000 
1.0000000000000000 
1.0000000000000000 
1.0000000000000000 
1.0000000000000000 
1.0000000000000000 
1.0000000000000000 
1.0000000000000000 
1.0000000000000000 
1.0000000000000000 
1.0000000000000000 
1.0000000000000000 
1.0000000000000000 
1.0000000000000000 
1.0000000000000000 
1.0000000000000000 
1.0000000000000000 
1.0000000000000000 
1.0000000000000000 
1.0000000000000000 
1.0000000000000000 
1.0000000000000000 
1.0000000000000000 
1.0000000000000000 
1.0000000000000000 
1.0000000000000000 
1.0000000000000000 
1.0000000000000000 
1.0000000000000000 
1.0000000000000000 
1.0000000000000000 
1.0000000000000000 
1.0000000000000000 
1.0000000000000000 
1.0000000000000000 
1.0000000000000000 
1.0000000000000000 
1.0000000000000000 
1.0000000000000000 
1.0000000000000000 
1.0000000000000000 
1.0000000000000000 
1.0000000000000000 
1.0000000000000000 
1.0000000000000000 
1.0000000000000000 
1.0000000000000000 
1.0000000000000000 
1.0000000000000000 
1.0000000000000000 
1.0000000000000000 
1.0000000000000000 
1.0000000000000000 
1.0000000000000000 
1.0000000000000000 
1.0000000000000000 
1.0000000000000000 
1.0000000000000000 
1.0000000000000000 
1.0000000000000000 
1.0000000000000000 
1.0000000000000000 
1.0000000000000000 
1.0000000000000000 
1.0000000000000000 
1.0000000000000000 
1.0000000000000000 
1.0000000000000000 
1.0000000000000000 
1.0000000000000000 
1.0000000000000000 
0.0176103118636686 
1.0000000000000000 
1.0000000000000000 
1.0000000000000000 
1.0000000000000000 
1.0000000000000000 
1.0000000000000000 
1.0000000000000000 
1.0000000000000000 
1.0000000000000000 
1.0000000000000000 
1.0000000000000000 
1.0000000000000000 
1.0000000000000000 
1.0000000000000000 
1.0000000000000000 
1.0000000000000000 
1.0000000000000000 
1.0000000000000000 
1.0000000000000000 
1.0000000000000000 
1.0000000000000000 
1.0000000000000000 
1.0000000000000000 
1.0000000000000000 
1.0000000000000000 
1.0000000000000000 
1.0000000000000000 
1.0000000000000000 
1.0000000000000000 
1.0000000000000000 
1.0000000000000000 
1.0000000000000000 
1.0000000000000000 
1.0000000000000000 
1.0000000000000000 
1.0000000000000000 
1.0000000000000000 
1.0000000000000000 
1.0000000000000000 
1.0000000000000000 
1.0000000000000000 
1.0000000000000000 
1.0000000000000000 
1.0000000000000000 
1.0000000000000000 
1.0000000000000000 
1.0000000000000000 
1.0000000000000000 
1.0000000000000000 
1.0000000000000000 
1.0000000000000000 
1.0000000000000000 
1.0000000000000000 
1.0000000000000000 
1.0000000000000000 
1.0000000000000000 
1.0000000000000000 
1.0000000000000000 
1.0000000000000000 
1.0000000000000000 
1.0000000000000000 
1.0000000000000000 
1.0000000000000000 
1.0000000000000000 
1.0000000000000000 
1.0000000000000000 
1.0000000000000000 
1.0000000000000000 
1.0000000000000000 
1.0000000000000000 
1.0000000000000000 
1.0000000000000000 
1.0000000000000000 
1.0000000000000000 
1.0000000000000000 
1.0000000000000000 
1.0000000000000000 
1.0000000000000000 
1.0000000000000000 
1.0000000000000000 
1.0000000000000000 
1.0000000000000000 
1.0000000000000000 
1.0000000000000000 
1.0000000000000000 
1.0000000000000000 
1.0000000000000000 
1.0000000000000000 
1.0000000000000000 
1.0000000000000000 
1.0000000000000000 
1.0000000000000000 
1.0000000000000000 
1.0000000000000000 
1.0000000000000000 
1.0000000000000000 
1.0000000000000000 
1.0000000000000000 
1.0000000000000000 
1.0000000000000000 
1.0000000000000000 
1.0000000000000000 
1.0000000000000000 
1.0000000000000000 
1.0000000000000000 
1.0000000000000000 
1.0000000000000000 
1.0000000000000000 
1.0000000000000000 
1.0000000000000000 
1.0000000000000000 
1.0000000000000000 
1.0000000000000000 
1.0000000000000000 
1.0000000000000000 
1.0000000000000000 
0.3956424991916395 
1.0000000000000000 
1.0000000000000000 
1.0000000000000000 
1.0000000000000000 
1.0000000000000000 
1.0000000000000000 
1.0000000000000000 
1.0000000000000000 
1.0000000000000000 
1.0000000000000000 
1.0000000000000000 
1.0000000000000000 
1.0000000000000000 
1.0000000000000000 
1.0000000000000000 
1.0000000000000000 
1.0000000000000000 
1.0000000000000000 
1.0000000000000000 
1.0000000000000000 
1.0000000000000000 
1.0000000000000000 
1.0000000000000000 
1.0000000000000000 
1.0000000000000000 
1.0000000000000000 
1.0000000000000000 
1.0000000000000000 
1.0000000000000000 
1.0000000000000000 
1.0000000000000000 
1.0000000000000000 
1.0000000000000000 
1.0000000000000000 
1.0000000000000000 
1.0000000000000000 
1.0000000000000000 
1.0000000000000000 
1.0000000000000000 
1.0000000000000000 
1.0000000000000000 
1.0000000000000000 
1.0000000000000000 
1.0000000000000000 
1.0000000000000000 
1.0000000000000000 
1.0000000000000000 
1.0000000000000000 
1.0000000000000000 
1.0000000000000000 
1.0000000000000000 
1.0000000000000000 
1.0000000000000000 
0.0156622539816766 
1.0000000000000000 
1.0000000000000000 
1.0000000000000000 
1.0000000000000000 
1.0000000000000000 
1.0000000000000000 
1.0000000000000000 
1.0000000000000000 
1.0000000000000000 
1.0000000000000000 
1.0000000000000000 
0.6744023010997045 
1.0000000000000000 
1.0000000000000000 
1.0000000000000000 
1.0000000000000000 
1.0000000000000000 
1.0000000000000000 
1.0000000000000000 
1.0000000000000000 
1.0000000000000000 
1.0000000000000000 
1.0000000000000000 
1.0000000000000000 
1.0000000000000000 
1.0000000000000000 
1.0000000000000000 
1.0000000000000000 
1.0000000000000000 
1.0000000000000000 
1.0000000000000000 
1.0000000000000000 
1.0000000000000000 
1.0000000000000000 
1.0000000000000000 
1.0000000000000000 
1.0000000000000000 
1.0000000000000000 
1.0000000000000000 
1.0000000000000000 
1.0000000000000000 
1.0000000000000000 
1.0000000000000000 
1.0000000000000000 
1.0000000000000000 
1.0000000000000000 
1.0000000000000000 
1.0000000000000000 
1.0000000000000000 
1.0000000000000000 
1.0000000000000000 
1.0000000000000000 
1.0000000000000000 
1.0000000000000000 
1.0000000000000000 
1.0000000000000000 
1.0000000000000000 
1.0000000000000000 
1.0000000000000000 
1.0000000000000000 
1.0000000000000000 
1.0000000000000000 
1.0000000000000000 
1.0000000000000000 
1.0000000000000000 
1.0000000000000000 
-1.0000000000000000 
-1.0000000000000000 
-1.0000000000000000 
-1.0000000000000000 
-1.0000000000000000 
-1.0000000000000000 
-1.0000000000000000 
-0.9999999999999999 
-1.0000000000000000 
-1.0000000000000000 
-1.0000000000000000 
-1.0000000000000000 
-1.0000000000000000 
-1.0000000000000000 
-1.0000000000000000 
-1.0000000000000000 
-1.0000000000000000 
-1.0000000000000000 
-1.0000000000000000 
-1.0000000000000000 
-1.0000000000000000 
-1.0000000000000000 
-1.0000000000000000 
-1.0000000000000000 
-1.0000000000000000 
-1.0000000000000000 
-1.0000000000000000 
-1.0000000000000000 
-1.0000000000000000 
-1.0000000000000000 
-1.0000000000000000 
-1.0000000000000000 
-1.0000000000000000 
-1.0000000000000000 
-1.0000000000000000 
-1.0000000000000000 
-1.0000000000000000 
-1.0000000000000000 
-1.0000000000000000 
-1.0000000000000000 
-1.0000000000000000 
-1.0000000000000000 
-1.0000000000000000 
-1.0000000000000000 
-1.0000000000000000 
-1.0000000000000000 
-1.0000000000000000 
-1.0000000000000000 
-1.0000000000000000 
-1.0000000000000000 
-1.0000000000000000 
-1.0000000000000000 
-1.0000000000000000 
-1.0000000000000000 
-1.0000000000000000 
-1.0000000000000000 
-1.0000000000000000 
-1.0000000000000000 
-1.0000000000000000 
-1.0000000000000000 
-1.0000000000000000 
-1.0000000000000000 
-1.0000000000000000 
-1.0000000000000000 
-1.0000000000000000 
-1.0000000000000000 
-1.0000000000000000 
-1.0000000000000000 
-1.0000000000000000 
-1.0000000000000000 
-1.0000000000000000 
-1.0000000000000000 
-1.0000000000000000 
-1.0000000000000000 
-1.0000000000000000 
-1.0000000000000000 
-1.0000000000000000 
-1.0000000000000000 
-1.0000000000000000 
-1.0000000000000000 
-1.0000000000000000 
-1.0000000000000000 
-1.0000000000000000 
-1.0000000000000000 
-1.0000000000000000 
-1.0000000000000000 
-1.0000000000000000 
-1.0000000000000000 
-1.0000000000000000 
-1.0000000000000000 
-1.0000000000000000 
-1.0000000000000000 
-1.0000000000000000 
-1.0000000000000000 
-1.0000000000000000 
-1.0000000000000000 
-1.0000000000000000 
-1.0000000000000000 
-1.0000000000000000 
-1.0000000000000000 
-1.0000000000000000 
-1.0000000000000000 
-1.0000000000000000 
-0.9999999999999999 
-1.0000000000000000 
-1.0000000000000000 
-1.0000000000000000 
-1.0000000000000000 
-1.0000000000000000 
-1.0000000000000000 
-1.0000000000000000 
-1.0000000000000000 
-1.0000000000000000 
-1.0000000000000000 
-1.0000000000000000 
-1.0000000000000000 
-1.0000000000000000 
-1.0000000000000000 
-1.0000000000000000 
-1.0000000000000000 
-1.0000000000000000 
-1.0000000000000000 
-1.0000000000000000 
-1.0000000000000000 
-1.0000000000000000 
-1.0000000000000000 
-1.0000000000000000 
-1.0000000000000000 
-1.0000000000000000 
-1.0000000000000000 
-1.0000000000000000 
-1.0000000000000000 
-1.0000000000000000 
-1.0000000000000000 
-1.0000000000000000 
-1.0000000000000000 
-1.0000000000000000 
-1.0000000000000000 
-1.0000000000000000 
-1.0000000000000000 
-1.0000000000000000 
-1.0000000000000000 
-1.0000000000000000 
-1.0000000000000000 
-1.0000000000000000 
-1.0000000000000000 
-1.0000000000000000 
-1.0000000000000000 
-1.0000000000000000 
-1.0000000000000000 
-1.0000000000000000 
-1.0000000000000000 
-1.0000000000000000 
-1.0000000000000000 
-1.0000000000000000 
-1.0000000000000000 
-1.0000000000000000 
-1.0000000000000000 
-1.0000000000000000 
-1.0000000000000000 
-1.0000000000000000 
-1.0000000000000000 
-1.0000000000000000 
-1.0000000000000000 
-1.0000000000000000 
-1.0000000000000000 
-1.0000000000000000 
-1.0000000000000000 
-1.0000000000000000 
-1.0000000000000000 
-1.0000000000000000 
-1.0000000000000000 
-1.0000000000000000 
-1.0000000000000000 
-1.0000000000000000 
-1.0000000000000000 
-1.0000000000000000 
-1.0000000000000000 
-1.0000000000000000 
-1.0000000000000000 
-1.0000000000000000 
-1.0000000000000000 
-1.0000000000000000 
-1.0000000000000000 
-1.0000000000000000 
-1.0000000000000000 
-1.0000000000000000 
-1.0000000000000000 
-1.0000000000000000 
-1.0000000000000000 
-1.0000000000000000 
-1.0000000000000000 
-1.0000000000000000 
-1.0000000000000000 
-1.0000000000000000 
-1.0000000000000000 
-1.0000000000000000 
-1.0000000000000000 
-1.0000000000000000 
-1.0000000000000000 
-1.0000000000000000 
-1.0000000000000000 
-1.0000000000000000 
-1.0000000000000000 
-1.0000000000000000 
-1.0000000000000000 
-1.0000000000000000 
-1.0000000000000000 
-1.0000000000000000 
-1.0000000000000000 
-1.0000000000000000 
-1.0000000000000000 
-1.0000000000000000 
-1.0000000000000000 
-1.0000000000000000 
-1.0000000000000000 
-1.0000000000000000 
-1.0000000000000000 
-1.0000000000000000 
-1.0000000000000000 
-1.0000000000000000 
-1.0000000000000000 
-1.0000000000000000 
-1.0000000000000000 
-1.0000000000000000 
-1.0000000000000000 
-1.0000000000000000 
-1.0000000000000000 
-1.0000000000000000 
-1.0000000000000000 
-1.0000000000000000 
-1.0000000000000000 
-1.0000000000000000 
-1.0000000000000000 
-1.0000000000000000 
-1.0000000000000000 
-1.0000000000000000 
-1.0000000000000000 
-1.0000000000000000 
-1.0000000000000000 
-1.0000000000000000 
-1.0000000000000000 
-1.0000000000000000 
-1.0000000000000000 
-1.0000000000000000 
-1.0000000000000000 
-1.0000000000000000 
-1.0000000000000000 
-1.0000000000000000 
-1.0000000000000000 
-1.0000000000000000 
-1.0000000000000000 
-1.0000000000000000 
-1.0000000000000000 
-1.0000000000000000 
-1.0000000000000000 
-1.0000000000000000 
-1.0000000000000000 
-1.0000000000000000 
-1.0000000000000000 
-1.0000000000000000 
-1.0000000000000000 
-1.0000000000000000 
-1.0000000000000000 
-1.0000000000000000 
-1.0000000000000000 
-1.0000000000000000 
-1.0000000000000000 
-1.0000000000000000 
-1.0000000000000000 
-1.0000000000000000 
-1.0000000000000000 
-1.0000000000000000 
-1.0000000000000000 
-1.0000000000000000 
-1.0000000000000000 
-1.0000000000000000 
-1.0000000000000000 
-1.0000000000000000 
-1.0000000000000000 
-1.0000000000000000 
-1.0000000000000000 
-1.0000000000000000 
-1.0000000000000000 
-1.0000000000000000 
-1.0000000000000000 
-1.0000000000000000 
-1.0000000000000000 
-1.0000000000000000 
-1.0000000000000000 
-1.0000000000000000 
-1.0000000000000000 
-1.0000000000000000 
-1.0000000000000000 
-1.0000000000000000 
-1.0000000000000000 
-1.0000000000000000 
-1.0000000000000000 
-1.0000000000000000 
-1.0000000000000000 
-1.0000000000000000 
-1.0000000000000000 
-1.0000000000000000 
-1.0000000000000000 
-1.0000000000000000 
-1.0000000000000000 
-1.0000000000000000 
-1.0000000000000000 
-1.0000000000000000 
-1.0000000000000000 
-1.0000000000000000 
-1.0000000000000000 
-1.0000000000000000 
-1.0000000000000000 
-1.0000000000000000 
-1.0000000000000000 
-1.0000000000000000 
-1.0000000000000000 
-1.0000000000000000 
-1.0000000000000000 
-1.0000000000000000 
-1.0000000000000000 
-1.0000000000000000 
-1.0000000000000000 
-1.0000000000000000 
-1.0000000000000000 
-1.0000000000000000 
-1.0000000000000000 
-1.0000000000000000 
-1.0000000000000000 
-1.0000000000000000 
-1.0000000000000000 
-1.0000000000000000 
-1.0000000000000000 
-1.0000000000000000 
-1.0000000000000000 
-1.0000000000000000 
-1.0000000000000000 
-0.4682904094712136 
-1.0000000000000000 
-1.0000000000000000 
-1.0000000000000000 
-1.0000000000000000 
-1.0000000000000000 
-1.0000000000000000 
-1.0000000000000000 
-1.0000000000000000 
-1.0000000000000000 
-1.0000000000000000 
-1.0000000000000000 
-1.0000000000000000 
-1.0000000000000000 
-1.0000000000000000 
-1.0000000000000000 
-1.0000000000000000 
-1.0000000000000000 
-1.0000000000000000 
-1.0000000000000000 
-1.0000000000000000 
-0.9999999999999999 
-1.0000000000000000 
-1.0000000000000000 
-1.0000000000000000 
-1.0000000000000000 
-1.0000000000000000 
-1.0000000000000000 
-1.0000000000000000 
-1.0000000000000000 
-1.0000000000000000 
-1.0000000000000000 
-1.0000000000000000 
-1.0000000000000000 
-0.1211665944851170 
-1.0000000000000000 
-1.0000000000000000 
-1.0000000000000000 
-1.0000000000000000 
-1.0000000000000000 
-1.0000000000000000 
-1.0000000000000000 
-1.0000000000000000 
-1.0000000000000000 
-1.0000000000000000 
-1.0000000000000000 
-1.0000000000000000 
-0.1410445494043046 
-1.0000000000000000 
-1.0000000000000000 
-1.0000000000000000 
-1.0000000000000000 
-1.0000000000000000 
-1.0000000000000000 
-1.0000000000000000 
-1.0000000000000000 
-1.0000000000000000 
-1.0000000000000000 
-1.0000000000000000 
-1.0000000000000000 
-1.0000000000000000 
-1.0000000000000000 
-1.0000000000000000 
-1.0000000000000000 
-1.0000000000000000 
-1.0000000000000000 
-1.0000000000000000 
-1.0000000000000000 
-1.0000000000000000 
-1.0000000000000000 
-1.0000000000000000 
-1.0000000000000000 
-1.0000000000000000 
-1.0000000000000000 
-1.0000000000000000 
-1.0000000000000000 
-1.0000000000000000 
-1.0000000000000000 
-1.0000000000000000 
-1.0000000000000000 
-1.0000000000000000 
-1.0000000000000000 
-1.0000000000000000 
-1.0000000000000000 
-1.0000000000000000 
-1.0000000000000000 
-0.0488262505336843 
-1.0000000000000000 
-1.0000000000000000 
-1.0000000000000000 
-0.9512759097661150 
-1.0000000000000000 
-1.0000000000000000 
-1.0000000000000000 
-1.0000000000000000 
-1.0000000000000000 
-1.0000000000000000 
-1.0000000000000000 
-1.0000000000000000 
-1.0000000000000000 
-1.0000000000000000 
-1.0000000000000000 
-1.0000000000000000 
-1.0000000000000000 
-1.0000000000000000 
-1.0000000000000000 
-1.0000000000000000 
-1.0000000000000000 
-1.0000000000000000 
-1.0000000000000000 
-1.0000000000000000 
-1.0000000000000000 
-1.0000000000000000 
-1.0000000000000000 
-1.0000000000000000 
-1.0000000000000000 
-1.0000000000000000 
-1.0000000000000000 
-1.0000000000000000 
-1.0000000000000000 
-1.0000000000000000 
-1.0000000000000000 
-1.0000000000000000 
-1.0000000000000000 
-1.0000000000000000 
-1.0000000000000000 
-1.0000000000000000 
-1.0000000000000000 
-1.0000000000000000 
-1.0000000000000000 
-1.0000000000000000 
-1.0000000000000000 
-1.0000000000000000 
-1.0000000000000000 
-1.0000000000000000 
-1.0000000000000000 
-1.0000000000000000 
-1.0000000000000000 
-1.0000000000000000 
-1.0000000000000000 
-1.0000000000000000 
-1.0000000000000000 
-1.0000000000000000 
-1.0000000000000000 
-1.0000000000000000 
-1.0000000000000000 
-1.0000000000000000 
-1.0000000000000000 
-1.0000000000000000 
-0.9999999999999999 
-1.0000000000000000 
-1.0000000000000000 
-1.0000000000000000 
-1.0000000000000000 
-1.0000000000000000 
-1.0000000000000000 
-1.0000000000000000 
-1.0000000000000000 
-1.0000000000000000 
-1.0000000000000000 
-1.0000000000000000 
-1.0000000000000000 
-1.0000000000000000 
-1.0000000000000000 
-1.0000000000000000 
-1.0000000000000000 
-1.0000000000000000 
-1.0000000000000000 
-1.0000000000000000 
-1.0000000000000000 
-1.0000000000000000 
-1.0000000000000000 
-1.0000000000000000 
-1.0000000000000000 
-1.0000000000000000 
-1.0000000000000000 
-1.0000000000000000 
-1.0000000000000000 
-1.0000000000000000 
-1.0000000000000000 
-1.0000000000000000 
-0.2724194925639203 
-1.0000000000000000 
-1.0000000000000000 
-1.0000000000000000 
-1.0000000000000000 
-1.0000000000000000 
-1.0000000000000000 
-1.0000000000000000 
-1.0000000000000000 
-0.4622802002000887 
-1.0000000000000000 
-1.0000000000000000 
-1.0000000000000000 
-1.0000000000000000 
-1.0000000000000000 
-1.0000000000000000 
-1.0000000000000000 
-1.0000000000000000 
-1.0000000000000000 
-1.0000000000000000 
-1.0000000000000000 
-1.0000000000000000 
-1.0000000000000000 
-1.0000000000000000 
-1.0000000000000000 
-1.0000000000000000 
-1.0000000000000000 
-1.0000000000000000 
-1.0000000000000000 
-1.0000000000000000 
-1.0000000000000000 
-1.0000000000000000 
-1.0000000000000000 
-1.0000000000000000 
-1.0000000000000000 
-1.0000000000000000 
-1.0000000000000000 
-1.0000000000000000 
-1.0000000000000000 
-1.0000000000000000 
-1.0000000000000000 
-1.0000000000000000 
-1.0000000000000000 
-1.0000000000000000 
-1.0000000000000000 
-1.0000000000000000 
-1.0000000000000000 
-1.0000000000000000 
-1.0000000000000000 
-1.0000000000000000 
-1.0000000000000000 
-1.0000000000000000 
-1.0000000000000000 
-1.0000000000000000 
-1.0000000000000000 
-1.0000000000000000 
-1.0000000000000000 
-1.0000000000000000 
-1.0000000000000000 
-1.0000000000000000 
-1.0000000000000000 
-1.0000000000000000 
-1.0000000000000000 
-1.0000000000000000 
-1.0000000000000000 
-1.0000000000000000 
-1.0000000000000000 
-1.0000000000000000 
-1.0000000000000000 
-1.0000000000000000 
-1.0000000000000000 
-1.0000000000000000 
-1.0000000000000000 
-1.0000000000000000 
-1.0000000000000000 
-1.0000000000000000 
-1.0000000000000000 
-1.0000000000000000 
-1.0000000000000000 
-1.0000000000000000 
-1.0000000000000000 
-1.0000000000000000 
-1.0000000000000000 
-1.0000000000000000 
-1.0000000000000000 
-0.4989888761732577 
-1.0000000000000000 
-1.0000000000000000 
-1.0000000000000000 
-1.0000000000000000 
-1.0000000000000000 
-1.0000000000000000 
-1.0000000000000000 
-1.0000000000000000 
-1.0000000000000000 
-1.0000000000000000 
-0.0041859930132860 
-1.0000000000000000 
-1.0000000000000000 
-1.0000000000000000 
-1.0000000000000000 
-1.0000000000000000 
-1.0000000000000000 
-1.0000000000000000 
-1.0000000000000000 
-1.0000000000000000 
-1.0000000000000000 
-1.0000000000000000 
-1.0000000000000000 
-1.0000000000000000 
-1.0000000000000000 
-1.0000000000000000 
-1.0000000000000000 
-1.0000000000000000 
-1.0000000000000000 
-1.0000000000000000 
-1.0000000000000000 
-1.0000000000000000 
-1.0000000000000000 
-1.0000000000000000 
-1.0000000000000000 
-1.0000000000000000 
-1.0000000000000000 
-1.0000000000000000 
-1.0000000000000000 
-1.0000000000000000 
-1.0000000000000000 
-1.0000000000000000 
-1.0000000000000000 
-1.0000000000000000 
-1.0000000000000000 
-1.0000000000000000 
-1.0000000000000000 
-1.0000000000000000 
-1.0000000000000000 
-1.0000000000000000 
-1.0000000000000000 
-1.0000000000000000 
-1.0000000000000000 
-1.0000000000000000 
-1.0000000000000000 
-1.0000000000000000 
-0.9999999999999999 
-1.0000000000000000 
-1.0000000000000000 
-1.0000000000000000 
-1.0000000000000000 
-1.0000000000000000 
-1.0000000000000000 
-1.0000000000000000 
-1.0000000000000000 
-1.0000000000000000 
-1.0000000000000000 
-1.0000000000000000 
-1.0000000000000000 
-1.0000000000000000 
-1.0000000000000000 
-1.0000000000000000 
-1.0000000000000000 
-1.0000000000000000 
-1.0000000000000000 
-1.0000000000000000 
-1.0000000000000000 
-1.0000000000000000 
-1.0000000000000000 
-1.0000000000000000 
-1.0000000000000000 
-1.0000000000000000 
-1.0000000000000000 
-1.0000000000000000 
-1.0000000000000000 
-1.0000000000000000 
-1.0000000000000000 
-1.0000000000000000 
-1.0000000000000000 
-1.0000000000000000 
-1.0000000000000000 
-1.0000000000000000 
-1.0000000000000000 
-1.0000000000000000 
-1.0000000000000000 
-1.0000000000000000 
-1.0000000000000000 
-1.0000000000000000 
-1.0000000000000000 
-1.0000000000000000 
-1.0000000000000000 
-1.0000000000000000 
-1.0000000000000000 
-1.0000000000000000 
-1.0000000000000000 
-1.0000000000000000 
-1.0000000000000000 
-1.0000000000000000 
-1.0000000000000000 
-1.0000000000000000 
-1.0000000000000000 
-1.0000000000000000 
-1.0000000000000000 
-1.0000000000000000 
-1.0000000000000000 
-1.0000000000000000 
-1.0000000000000000 
-1.0000000000000000 
-0.9999999999999999 
-1.0000000000000000 
-1.0000000000000000 
-1.0000000000000000 
-1.0000000000000000 
-1.0000000000000000 
-1.0000000000000000 
-1.0000000000000000 
-1.0000000000000000 
-1.0000000000000000 
-1.0000000000000000 
-1.0000000000000000 
-1.0000000000000000 
-1.0000000000000000 
-1.0000000000000000 
-1.0000000000000000 
-1.0000000000000000 
-1.0000000000000000 
-1.0000000000000000 
-1.0000000000000000 
-1.0000000000000000 
-1.0000000000000000 
-1.0000000000000000 
-1.0000000000000000 
-1.0000000000000000 
-1.0000000000000000 
-1.0000000000000000 
-1.0000000000000000 
-1.0000000000000000 
-1.0000000000000000 
-1.0000000000000000 
-1.0000000000000000 
-1.0000000000000000 
-1.0000000000000000 
-1.0000000000000000 
-1.0000000000000000 
-1.0000000000000000 
-1.0000000000000000 
-1.0000000000000000 
-1.0000000000000000 
-1.0000000000000000 
-1.0000000000000000 
-1.0000000000000000 
-1.0000000000000000 
-1.0000000000000000 
-1.0000000000000000 
-1.0000000000000000 
-1.0000000000000000 
-1.0000000000000000 
-0.5307620633528241 
-1.0000000000000000 
-1.0000000000000000 
-1.0000000000000000 
-1.0000000000000000 
-1.0000000000000000 
-0.7626483282583549 
-1.0000000000000000 
-1.0000000000000000 
-1.0000000000000000 
-1.0000000000000000 
-1.0000000000000000 
-1.0000000000000000 
-1.0000000000000000 
-1.0000000000000000 
-1.0000000000000000 
-1.0000000000000000 
-1.0000000000000000 
-1.0000000000000000 
-1.0000000000000000 
-1.0000000000000000 
-0.1749800808626105 
-1.0000000000000000 
-1.0000000000000000 
-0.3334483167301867 
-0.6813423315361585 
-1.0000000000000000 
-1.0000000000000000 
-1.0000000000000000 
-1.0000000000000000 
-1.0000000000000000 
-1.0000000000000000 
-1.0000000000000000 
-1.0000000000000000 
-1.0000000000000000 
-1.0000000000000000 
-1.0000000000000000 
-1.0000000000000000 
-1.0000000000000000 
-1.0000000000000000 
-1.0000000000000000 
-1.0000000000000000 
-1.0000000000000000 
-1.0000000000000000 
-1.0000000000000000 
-0.0000673010531150 
-1.0000000000000000 
-1.0000000000000000 
-1.0000000000000000 
-1.0000000000000000 
-1.0000000000000000 
-1.0000000000000000 
-1.0000000000000000 
-1.0000000000000000 
-1.0000000000000000 
-1.0000000000000000 
-1.0000000000000000 
-1.0000000000000000 
-1.0000000000000000 
-1.0000000000000000 
-1.0000000000000000 
-1.0000000000000000 
-1.0000000000000000 
-1.0000000000000000 
-0.0026529602058029 
-1.0000000000000000 
-1.0000000000000000 
-1.0000000000000000 
-1.0000000000000000 
-1.0000000000000000 
-1.0000000000000000 
-1.0000000000000000 
-1.0000000000000000 
-1.0000000000000000 
-1.0000000000000000 
-1.0000000000000000 
-1.0000000000000000 
-1.0000000000000000 
-1.0000000000000000 
-1.0000000000000000 
-1.0000000000000000 
-1.0000000000000000 
-1.0000000000000000 
-1.0000000000000000 
-1.0000000000000000 
-1.0000000000000000 
-1.0000000000000000 
-1.0000000000000000 
-1.0000000000000000 
-1.0000000000000000 
-1.0000000000000000 
-1.0000000000000000 
-1.0000000000000000 
-1.0000000000000000 
-1.0000000000000000 
-1.0000000000000000 
-1.0000000000000000 
-1.0000000000000000 
-1.0000000000000000 
-1.0000000000000000 
-0.8558819560362947 
-1.0000000000000000 
-1.0000000000000000 
-1.0000000000000000 
-1.0000000000000000 
-1.0000000000000000 
-0.5044573694672441 
-1.0000000000000000 
-1.0000000000000000 
-1.0000000000000000 
-1.0000000000000000 
-1.0000000000000000 
-1.0000000000000000 
-1.0000000000000000 
-1.0000000000000000 
-1.0000000000000000 
-1.0000000000000000 
-1.0000000000000000 
-1.0000000000000000 
-1.0000000000000000 
-1.0000000000000000 
-1.0000000000000000 
-1.0000000000000000 
-1.0000000000000000 
-1.0000000000000000 
-1.0000000000000000 
-1.0000000000000000 
-1.0000000000000000 
-1.0000000000000000 
-1.0000000000000000 
-1.0000000000000000 
-0.9999999999999999 
-1.0000000000000000 
-1.0000000000000000 
-1.0000000000000000 
-1.0000000000000000 
-1.0000000000000000 
-1.0000000000000000 
-1.0000000000000000 
-1.0000000000000000 
-1.0000000000000000 
-1.0000000000000000 
-1.0000000000000000 
-1.0000000000000000 
-1.0000000000000000 
-1.0000000000000000 
-1.0000000000000000 
-0.0567038769373515 
-1.0000000000000000 
-1.0000000000000000 
-1.0000000000000000 
-1.0000000000000000 
-1.0000000000000000 
-1.0000000000000000 
-0.1609552281534005 
-1.0000000000000000 
-1.0000000000000000 
-1.0000000000000000 
-1.0000000000000000 
-1.0000000000000000 
-1.0000000000000000 
-1.0000000000000000 
-1.0000000000000000 
-1.0000000000000000 
-1.0000000000000000 
-1.0000000000000000 
-1.0000000000000000 
-1.0000000000000000 
-1.0000000000000000 
-1.0000000000000000 
-0.1006884497936224 
-1.0000000000000000 
-0.7208758027696951 
-1.0000000000000000 
-1.0000000000000000 
-1.0000000000000000 
-1.0000000000000000 
-1.0000000000000000 
-1.0000000000000000 
-1.0000000000000000 
-1.0000000000000000 
-1.0000000000000000 
-1.0000000000000000 
-1.0000000000000000 
-1.0000000000000000 
-1.0000000000000000 
-1.0000000000000000 
-1.0000000000000000 
-1.0000000000000000 
-1.0000000000000000 
-1.0000000000000000 
-0.0591153506506271 
-1.0000000000000000 
-1.0000000000000000 
-1.0000000000000000 
-1.0000000000000000 
-1.0000000000000000 
-1.0000000000000000 
-1.0000000000000000 
-1.0000000000000000 
-1.0000000000000000 
-1.0000000000000000 
-0.3244536062086362 
-1.0000000000000000 
-1.0000000000000000 
-1.0000000000000000 
-1.0000000000000000 
-1.0000000000000000 
-1.0000000000000000 
-1.0000000000000000 
-1.0000000000000000 
-1.0000000000000000 
-1.0000000000000000 
-1.0000000000000000 
-1.0000000000000000 
-1.0000000000000000 
-1.0000000000000000 
-1.0000000000000000 
-1.0000000000000000 
-1.0000000000000000 
-1.0000000000000000 
-1.0000000000000000 
-1.0000000000000000 
-1.0000000000000000 
-1.0000000000000000 
-1.0000000000000000 
-1.0000000000000000 
-1.0000000000000000 
-1.0000000000000000 
-1.0000000000000000 
-1.0000000000000000 
-1.0000000000000000 
-1.0000000000000000 
-1.0000000000000000 
-1.0000000000000000 
-1.0000000000000000 
-1.0000000000000000 
-1.0000000000000000 
-1.0000000000000000 
-1.0000000000000000 
-1.0000000000000000 
-1.0000000000000000 
-1.0000000000000000 
-1.0000000000000000 
-1.0000000000000000 
-1.0000000000000000 
-1.0000000000000000 
-1.0000000000000000 
-1.0000000000000000 
-1.0000000000000000 
-1.0000000000000000 
-1.0000000000000000 
-1.0000000000000000 
-1.0000000000000000 
-1.0000000000000000 
-1.0000000000000000 
-1.0000000000000000 
-1.0000000000000000 
-1.0000000000000000 
-1.0000000000000000 
-1.0000000000000000 
-1.0000000000000000 
-1.0000000000000000 
-1.0000000000000000 
-1.0000000000000000 
-0.4652676540973887 
-1.0000000000000000 
-1.0000000000000000 
-1.0000000000000000 
-1.0000000000000000 
-1.0000000000000000 
-1.0000000000000000 
-1.0000000000000000 
-1.0000000000000000 
-1.0000000000000000 
-1.0000000000000000 
-1.0000000000000000 
-1.0000000000000000 
-1.0000000000000000 
-1.0000000000000000 
-1.0000000000000000 
-1.0000000000000000 
-1.0000000000000000 
-1.0000000000000000 
-1.0000000000000000 
-1.0000000000000000 
-1.0000000000000000 
-1.0000000000000000 
-1.0000000000000000 
-1.0000000000000000 
-1.0000000000000000 
-1.0000000000000000 
-1.0000000000000000 
-1.0000000000000000 
-1.0000000000000000 
-1.0000000000000000 
-1.0000000000000000 
-1.0000000000000000 
-1.0000000000000000 
-1.0000000000000000 
-0.2054533613225297 
-1.0000000000000000 
-1.0000000000000000 
-1.0000000000000000 
-1.0000000000000000 
-1.0000000000000000 
-1.0000000000000000 
-1.0000000000000000 
-1.0000000000000000 
-1.0000000000000000 
-1.0000000000000000 
-1.0000000000000000 
-1.0000000000000000 
-1.0000000000000000 
-1.0000000000000000 
-1.0000000000000000 
-1.0000000000000000 
-1.0000000000000000 
-1.0000000000000000 
-1.0000000000000000 
-1.0000000000000000 
-1.0000000000000000 
-1.0000000000000000 
-1.0000000000000000 
-1.0000000000000000 
-1.0000000000000000 
-1.0000000000000000 
-1.0000000000000000 
-1.0000000000000000 
-1.0000000000000000 
-1.0000000000000000 
-1.0000000000000000 
-1.0000000000000000 
-1.0000000000000000 
-1.0000000000000000 
-1.0000000000000000 
-1.0000000000000000 
-1.0000000000000000 
-1.0000000000000000 
-1.0000000000000000 
-1.0000000000000000 
-1.0000000000000000 
-1.0000000000000000 
-1.0000000000000000 
-1.0000000000000000 
-1.0000000000000000 
-1.0000000000000000 
-0.2139716024499015 
-1.0000000000000000 
-1.0000000000000000 
-1.0000000000000000 
-1.0000000000000000 
-1.0000000000000000 
-1.0000000000000000 
-1.0000000000000000 
-1.0000000000000000 
-1.0000000000000000 
-1.0000000000000000 
-1.0000000000000000 
-0.5347715554259872 
-1.0000000000000000 
-0.9687934060737852 
-1.0000000000000000 
-1.0000000000000000 
-1.0000000000000000 
-1.0000000000000000 
-1.0000000000000000 
-1.0000000000000000 
-1.0000000000000000 
-1.0000000000000000 
-1.0000000000000000 
-1.0000000000000000 
-1.0000000000000000 
-1.0000000000000000 
-1.0000000000000000 
-1.0000000000000000 
-1.0000000000000000 
-1.0000000000000000 
-1.0000000000000000 
-1.0000000000000000 
-1.0000000000000000 
-1.0000000000000000 
-1.0000000000000000 
-1.0000000000000000 
-1.0000000000000000 
-1.0000000000000000 
-1.0000000000000000 
-1.0000000000000000 
-1.0000000000000000 
-1.0000000000000000 
-1.0000000000000000 
-1.0000000000000000 
-1.0000000000000000 
-1.0000000000000000 
-1.0000000000000000 
-1.0000000000000000 
-1.0000000000000000 
-1.0000000000000000 
-1.0000000000000000 
-1.0000000000000000 
-1.0000000000000000 
-1.0000000000000000 
-1.0000000000000000 
-1.0000000000000000 
-1.0000000000000000 
-1.0000000000000000 
-0.1934803395462760 
-1.0000000000000000 
-1.0000000000000000 
-1.0000000000000000 
-1.0000000000000000 
-1.0000000000000000 
-1.0000000000000000 
-1.0000000000000000 
-0.8601207350536220 
-1.0000000000000000 
-1.0000000000000000 
-1.0000000000000000 
-1.0000000000000000 
-1.0000000000000000 
-1.0000000000000000 
-1.0000000000000000 
-1.0000000000000000 
-1.0000000000000000 
-1.0000000000000000 
-1.0000000000000000 
-0.2229490466293483 
-1.0000000000000000 
-1.0000000000000000 
-1.0000000000000000 
-1.0000000000000000 
-1.0000000000000000 
-1.0000000000000000 
-1.0000000000000000 
-1.0000000000000000 
-1.0000000000000000 
-1.0000000000000000 
-1.0000000000000000 
-1.0000000000000000 
-1.0000000000000000 
-1.0000000000000000 
-1.0000000000000000 
-1.0000000000000000 
-1.0000000000000000 
-1.0000000000000000 
-1.0000000000000000 
-1.0000000000000000 
-1.0000000000000000 
-1.0000000000000000 
-1.0000000000000000 
-1.0000000000000000 
-1.0000000000000000 
-0.9999999999999999 
-1.0000000000000000 
-1.0000000000000000 
-1.0000000000000000 
-1.0000000000000000 
-1.0000000000000000 
-1.0000000000000000 
-1.0000000000000000 
-1.0000000000000000 
-1.0000000000000000 
-1.0000000000000000 
-1.0000000000000000 
-1.0000000000000000 
-1.0000000000000000 
-1.0000000000000000 
-1.0000000000000000 
-1.0000000000000000 
-1.0000000000000000 
-1.0000000000000000 
-1.0000000000000000 
-1.0000000000000000 
-1.0000000000000000 
-1.0000000000000000 
-1.0000000000000000 
-1.0000000000000000 
-1.0000000000000000 
-1.0000000000000000 
-1.0000000000000000 
-1.0000000000000000 
-1.0000000000000000 
-1.0000000000000000 
-1.0000000000000000 
-1.0000000000000000 
-1.0000000000000000 
-1.0000000000000000 
-1.0000000000000000 
-1.0000000000000000 
-1.0000000000000000 
-1.0000000000000000 
-0.3060156047668692 
-1.0000000000000000 
-1.0000000000000000 
-1.0000000000000000 
-1.0000000000000000 
-1.0000000000000000 
-1.0000000000000000 
-1.0000000000000000 
-1.0000000000000000 
-1.0000000000000000 
-1.0000000000000000 
-1.0000000000000000 
-1.0000000000000000 
-1.0000000000000000 
-1.0000000000000000 
-1.0000000000000000 
-1.0000000000000000 
-1.0000000000000000 
-1.0000000000000000 
-1.0000000000000000 
-1.0000000000000000 
-1.0000000000000000 
-1.0000000000000000 
-1.0000000000000000 
-1.0000000000000000 
-1.0000000000000000 
-1.0000000000000000 
-1.0000000000000000 
-1.0000000000000000 
-1.0000000000000000 
-1.0000000000000000 
-1.0000000000000000 
-1.0000000000000000 
-1.0000000000000000 
-1.0000000000000000 
-1.0000000000000000 
-1.0000000000000000 
-1.0000000000000000 
-1.0000000000000000 
-1.0000000000000000 
-1.0000000000000000 
-1.0000000000000000 
-1.0000000000000000 
-1.0000000000000000 
-1.0000000000000000 
-1.0000000000000000 
-1.0000000000000000 
-1.0000000000000000 
-1.0000000000000000 
-1.0000000000000000 
-1.0000000000000000 
-1.0000000000000000 
-1.0000000000000000 
-1.0000000000000000 
-1.0000000000000000 
-1.0000000000000000 
-0.9984366700057328 
-1.0000000000000000 
-1.0000000000000000 
-1.0000000000000000 
-1.0000000000000000 
-1.0000000000000000 
-1.0000000000000000 
-1.0000000000000000 
-1.0000000000000000 
-1.0000000000000000 
-1.0000000000000000 
-1.0000000000000000 
-1.0000000000000000 
-1.0000000000000000 
-1.0000000000000000 
-0.9999999999999999 
-1.0000000000000000 
-1.0000000000000000 
-1.0000000000000000 
-1.0000000000000000 
-1.0000000000000000 
-1.0000000000000000 
-1.0000000000000000 
-1.0000000000000000 
-1.0000000000000000 
-1.0000000000000000 
-1.0000000000000000 
-1.0000000000000000 
-1.0000000000000000 
-1.0000000000000000 
-1.0000000000000000 
-1.0000000000000000 
-1.0000000000000000 
-1.0000000000000000 
-1.0000000000000000 
-1.0000000000000000 
-1.0000000000000000 
-1.0000000000000000 
-1.0000000000000000 
-1.0000000000000000 
-1.0000000000000000 
-1.0000000000000000 
-1.0000000000000000 
-1.0000000000000000 
-1.0000000000000000 
-1.0000000000000000 
-1.0000000000000000 
-1.0000000000000000 
-1.0000000000000000 
-1.0000000000000000 
-1.0000000000000000 
-1.0000000000000000 
-1.0000000000000000 
-1.0000000000000000 
-1.0000000000000000 
-1.0000000000000000 
-1.0000000000000000 
-1.0000000000000000 
-1.0000000000000000 
-1.0000000000000000 
-1.0000000000000000 
-1.0000000000000000 
-0.2110004480618474 
-1.0000000000000000 
-1.0000000000000000 
-1.0000000000000000 
-1.0000000000000000 
-1.0000000000000000 
-1.0000000000000000 
-1.0000000000000000 
-1.0000000000000000 
-1.0000000000000000 
-1.0000000000000000 
-1.0000000000000000 
-1.0000000000000000 
-1.0000000000000000 
-0.2722726933902172 
-1.0000000000000000 
-1.0000000000000000 
-1.0000000000000000 
-1.0000000000000000 
-1.0000000000000000 
-1.0000000000000000 
-1.0000000000000000 
-1.0000000000000000 
-1.0000000000000000 
-1.0000000000000000 
-1.0000000000000000 
-1.0000000000000000 
-1.0000000000000000 
-1.0000000000000000 
-1.0000000000000000 
-1.0000000000000000 
-1.0000000000000000 
-1.0000000000000000 
-1.0000000000000000 
-1.0000000000000000 
-1.0000000000000000 
-1.0000000000000000 
-1.0000000000000000 
-1.0000000000000000 
-1.0000000000000000 
-1.0000000000000000 
-1.0000000000000000 
-1.0000000000000000 
-1.0000000000000000 
-1.0000000000000000 
-1.0000000000000000 
-1.0000000000000000 
-1.0000000000000000 
-1.0000000000000000 
-1.0000000000000000 
-1.0000000000000000 
-1.0000000000000000 
-1.0000000000000000 
-1.0000000000000000 
-1.0000000000000000 
-1.0000000000000000 
-1.0000000000000000 
-1.0000000000000000 
-1.0000000000000000 
-1.0000000000000000 
-1.0000000000000000 
-1.0000000000000000 
-1.0000000000000000 
-1.0000000000000000 
-1.0000000000000000 
-1.0000000000000000 
-1.0000000000000000 
-1.0000000000000000 
-1.0000000000000000 
-1.0000000000000000 
-1.0000000000000000 
-1.0000000000000000 
-1.0000000000000000 
-0.9999999999999999 
-1.0000000000000000 
-1.0000000000000000 
-1.0000000000000000 
-1.0000000000000000 
-1.0000000000000000 
-1.0000000000000000 
-1.0000000000000000 
-1.0000000000000000 
-1.0000000000000000 
-1.0000000000000000 
-1.0000000000000000 
-1.0000000000000000 
-1.0000000000000000 
-1.0000000000000000 
-1.0000000000000000 
-1.0000000000000000 
-1.0000000000000000 
-1.0000000000000000 
-1.0000000000000000 
-1.0000000000000000 
-1.0000000000000000 
-1.0000000000000000 
-1.0000000000000000 
-1.0000000000000000 
-1.0000000000000000 
-1.0000000000000000 
-1.0000000000000000 
-1.0000000000000000 
-1.0000000000000000 
-1.0000000000000000 
-1.0000000000000000 
-1.0000000000000000 
-1.0000000000000000 
-1.0000000000000000 
-1.0000000000000000 
-1.0000000000000000 
-1.0000000000000000 
-1.0000000000000000 
-1.0000000000000000 
-1.0000000000000000 
-1.0000000000000000 
-1.0000000000000000 
-1.0000000000000000 
-1.0000000000000000 
-1.0000000000000000 
-1.0000000000000000 
-1.0000000000000000 
-1.0000000000000000 
-1.0000000000000000 
-1.0000000000000000 
-1.0000000000000000 
-1.0000000000000000 
-1.0000000000000000 
-1.0000000000000000 
-0.9999999999999999 
-1.0000000000000000 
-1.0000000000000000 
-1.0000000000000000 
-1.0000000000000000 
-1.0000000000000000 
-1.0000000000000000 
-1.0000000000000000 
-1.0000000000000000 
-1.0000000000000000 
-1.0000000000000000 
-1.0000000000000000 
-1.0000000000000000 
-1.0000000000000000 
-1.0000000000000000 
-1.0000000000000000 
-1.0000000000000000 
-1.0000000000000000 
-1.0000000000000000 
-1.0000000000000000 
-1.0000000000000000 
-1.0000000000000000 
-1.0000000000000000 
-1.0000000000000000 
-1.0000000000000000 
-1.0000000000000000 
-1.0000000000000000 
-1.0000000000000000 
-1.0000000000000000 
-1.0000000000000000 
-1.0000000000000000 
-1.0000000000000000 
-1.0000000000000000 
-1.0000000000000000 
-1.0000000000000000 
-1.0000000000000000 
-1.0000000000000000 
-1.0000000000000000 
-1.0000000000000000 
-1.0000000000000000 
-1.0000000000000000 
-1.0000000000000000 
-1.0000000000000000 
-1.0000000000000000 
-1.0000000000000000 
-1.0000000000000000 
-1.0000000000000000 
-1.0000000000000000 
-1.0000000000000000 
-1.0000000000000000 
-1.0000000000000000 
-1.0000000000000000 
-0.6497655559097061 
-1.0000000000000000 
-1.0000000000000000 
-1.0000000000000000 
-1.0000000000000000 
-1.0000000000000000 
-1.0000000000000000 
-1.0000000000000000 
-1.0000000000000000 
-1.0000000000000000 
-1.0000000000000000 
-1.0000000000000000 
-1.0000000000000000 
-1.0000000000000000 
-1.0000000000000000 
-1.0000000000000000 
-1.0000000000000000 
-1.0000000000000000 
-1.0000000000000000 
-1.0000000000000000 
-1.0000000000000000 
-1.0000000000000000 
-1.0000000000000000 
-1.0000000000000000 
-1.0000000000000000 
-1.0000000000000000 
-1.0000000000000000 
-1.0000000000000000 
-1.0000000000000000 
-1.0000000000000000 
-1.0000000000000000 
-1.0000000000000000 
-1.0000000000000000 
-1.0000000000000000 
-1.0000000000000000 
-1.0000000000000000 
-1.0000000000000000 
-1.0000000000000000 
-1.0000000000000000 
-1.0000000000000000 
-1.0000000000000000 
-1.0000000000000000 
-1.0000000000000000 
-1.0000000000000000 
-1.0000000000000000 
-1.0000000000000000 
-1.0000000000000000 
-1.0000000000000000 
-1.0000000000000000 
-1.0000000000000000 
-1.0000000000000000 
-1.0000000000000000 
-1.0000000000000000 
-1.0000000000000000 
-1.0000000000000000 
-1.0000000000000000 
-1.0000000000000000 
-1.0000000000000000 
-1.0000000000000000 
-1.0000000000000000 
-1.0000000000000000 
-1.0000000000000000 
-1.0000000000000000 
-1.0000000000000000 
-1.0000000000000000 
-1.0000000000000000 
-1.0000000000000000 
-0.5879163828476112 
-1.0000000000000000 
-1.0000000000000000 
-1.0000000000000000 
-1.0000000000000000 
-1.0000000000000000 
-1.0000000000000000 
-1.0000000000000000 
-1.0000000000000000 
-1.0000000000000000 
-1.0000000000000000 
-1.0000000000000000 
-1.0000000000000000 
-1.0000000000000000 
-1.0000000000000000 
-1.0000000000000000 
-1.0000000000000000 
-1.0000000000000000 
-1.0000000000000000 
-1.0000000000000000 
-1.0000000000000000 
-1.0000000000000000 
-1.0000000000000000 
-1.0000000000000000 
-1.0000000000000000 
-1.0000000000000000 
-1.0000000000000000 
-1.0000000000000000 
-1.0000000000000000 
-1.0000000000000000 
-1.0000000000000000 
-1.0000000000000000 
-1.0000000000000000 
-1.0000000000000000 
-1.0000000000000000 
-1.0000000000000000 
-1.0000000000000000 
-1.0000000000000000 
-1.0000000000000000 
-0.3313472668361579 
-1.0000000000000000 
-1.0000000000000000 
-1.0000000000000000 
-1.0000000000000000 
-1.0000000000000000 
-1.0000000000000000 
-1.0000000000000000 
-1.0000000000000000 
-1.0000000000000000 
-1.0000000000000000 
-1.0000000000000000 
-1.0000000000000000 
-1.0000000000000000 
-1.0000000000000000 
-1.0000000000000000 
-1.0000000000000000 
-1.0000000000000000 
-1.0000000000000000 
-0.4874134679845624 
-1.0000000000000000 
-1.0000000000000000 
-1.0000000000000000 
-1.0000000000000000 
-1.0000000000000000 
-1.0000000000000000 
-1.0000000000000000 
-1.0000000000000000 
-1.0000000000000000 
-1.0000000000000000 
-1.0000000000000000 
-1.0000000000000000 
-1.0000000000000000 
-1.0000000000000000 
-1.0000000000000000 
-1.0000000000000000 
-1.0000000000000000 
-1.0000000000000000 
-1.0000000000000000 
-1.0000000000000000 
-1.0000000000000000 
-1.0000000000000000 
-1.0000000000000000 
-1.0000000000000000 
-1.0000000000000000 
-1.0000000000000000 
-1.0000000000000000 
-1.0000000000000000 
-1.0000000000000000 
-1.0000000000000000 
-1.0000000000000000 
-1.0000000000000000 
-1.0000000000000000 
-1.0000000000000000 
-1.0000000000000000 
-1.0000000000000000 
-1.0000000000000000 
-1.0000000000000000 
-1.0000000000000000 
-1.0000000000000000 
-1.0000000000000000 
-1.0000000000000000 
-1.0000000000000000 
-1.0000000000000000 
-1.0000000000000000 
-1.0000000000000000 
-1.0000000000000000 
-1.0000000000000000 
-1.0000000000000000 
-1.0000000000000000 
-1.0000000000000000 
-1.0000000000000000 
-1.0000000000000000 
-1.0000000000000000 
-1.0000000000000000 
-1.0000000000000000 
-1.0000000000000000 
-1.0000000000000000 
-1.0000000000000000 
-1.0000000000000000 
-1.0000000000000000 
-1.0000000000000000 
-1.0000000000000000 
-0.9999999999999999 
-1.0000000000000000 
-1.0000000000000000 
-1.0000000000000000 
-1.0000000000000000 
-1.0000000000000000 
-1.0000000000000000 
-1.0000000000000000 
-1.0000000000000000 
-1.0000000000000000 
-1.0000000000000000 
-1.0000000000000000 
-1.0000000000000000 
-1.0000000000000000 
-1.0000000000000000 
-1.0000000000000000 
-1.0000000000000000 
-1.0000000000000000 
-1.0000000000000000 
-1.0000000000000000 
-1.0000000000000000 
-1.0000000000000000 
-1.0000000000000000 
-1.0000000000000000 
-1.0000000000000000 
-1.0000000000000000 
-1.0000000000000000 
-1.0000000000000000 
-1.0000000000000000 
-1.0000000000000000 
-1.0000000000000000 
-1.0000000000000000 
-1.0000000000000000 
-1.0000000000000000 
-1.0000000000000000 
-1.0000000000000000 
-1.0000000000000000 
-1.0000000000000000 
-1.0000000000000000 
-1.0000000000000000 
-1.0000000000000000 
-1.0000000000000000 
-1.0000000000000000 
-1.0000000000000000 
-1.0000000000000000 
-1.0000000000000000 
-1.0000000000000000 
-1.0000000000000000 
-1.0000000000000000 
-1.0000000000000000 
-1.0000000000000000 
-1.0000000000000000 
-1.0000000000000000 
-1.0000000000000000 
-1.0000000000000000 
-1.0000000000000000 
-1.0000000000000000 
