0.0004703184942679 
0.0003090113139790 
0.0003596867986549 
0.0005170435398888 
0.0007137756681803 
0.0009013634293014 
0.0010060983637227 
0.0010511099686007 
0.0010056783303831 
0.0009398202524045 
0.0008816586721929 
0.0008574554898398 
0.0009201143525548 
0.0011312854258505 
0.0019400028026519 
0.0044172398174251 
0.0029405962464478 
0.0010354466276207 
0.0006687250382140 
0.0006484847397368 
0.0007436391562593 
0.0008923468233182 
0.0010346809027054 
0.0011851547886753 
0.0012668320607570 
0.0012675430699650 
0.0010884675348713 
0.0008449943233330 
0.0006624291960232 
0.0003833596742729 
0.0002452683531134 
0.0003694091972951 
0.0005359599938646 
0.0002706091258722 
0.0003790718575001 
0.0005011713263711 
0.0006394722844822 
0.0008264491686304 
0.0009834264268183 
0.0010316061239825 
0.0009677418045664 
0.0008944557513053 
0.0008027374724925 
0.0007754874939117 
0.0007600808100753 
0.0007676864133722 
0.0009351705033044 
0.0021493934490016 
