-923.8086581029102700 
-2231.5787430147325000 
-2082.3539444081575000 
-1317.2165251469628000 
-875.3682778140648700 
-675.6507003410987400 
-592.2281733072065900 
-563.9883881268597200 
-573.5382828942594000 
-598.9309093548153000 
-613.6917410552289300 
-589.5723927716089700 
-493.8489367878655700 
-333.2900065316786100 
-146.1269685753683200 
-35.5709775745699940 
-121.9985485158574600 
-453.8124682487844000 
-853.6090064591044200 
-951.5689092096669100 
-817.0278684955367200 
-643.8572465345815800 
-517.1314318891065800 
-428.8838086943900400 
-387.3786559256840300 
-370.1872414543871100 
-405.1562885550475200 
-505.5015966325568100 
-690.0049713331882200 
-1466.8624718774947000 
-2813.4697728427318000 
-1220.3133391392698000 
-730.3868930981929000 
-2127.8756078089846000 
-1460.1511720734452000 
-992.5348356194208500 
-756.6745772552434300 
-606.1010232963204800 
-542.8706364757964600 
-546.2582190289571100 
-603.2461354234704900 
-673.3880179984033700 
-755.1773350751143400 
-791.0630669859931500 
-766.3500616880760400 
-689.4393642499455800 
-458.1297989694462600 
-147.1168807605776900 
